2.4406675530178354
4.486009081464101
6.552476259487586
8.562313052294021
10.513203088754084
12.64029869195999
14.62840133990168
16.795517558859483
18.820501812987636
20.945150932997876
23.088719893034032
25.167574519341418
27.347909132257954
29.546788470193032
31.76407652427384
34.08596778482085
36.34030898347975
38.6126080738822
40.902704090010964
43.21041493205814
45.535585599393016
47.87804121538963
50.23759082053103
52.61408913147732
55.00735863225178
57.51021003531168
59.93708311415325
62.380168172123355
64.83931594316385
67.3143179349203
69.80504122777235
72.31133116189741
74.83301730355348
77.36991068803717
79.92192922381692
82.4888777982069
85.0706028745908
87.76715628537086
90.37870243051636
93.00474235394618
95.64511116182528
98.40204930182138
101.07127683961122
103.75461063261254
106.45189493412396
109.26800300953332
111.99446626964264
114.7354815409914
117.49116537089456
120.26154052754993
123.0470918706786
125.95601147613104
128.6642223630329
131.49525172458257
134.3415983597746
137.20434176118226
140.08360182032752
142.97624839543636
145.88162208093888
148.91740123038122
151.74666614084322
154.81856028967655
157.67229035932132
160.65789643249138
163.66514219429433
166.69217620972037
169.7302338312228
172.90361202173008
175.86443105222395
178.96270946100472
182.07291735446853
185.20534626491929
188.3636123360297
191.53826154342667
194.72779473605723
197.94413369009638
201.18294993109834
204.56175378821308
207.71640279118378
211.15160706356343
214.34643482023375
217.69535936913493
221.07551865758964
224.4710453065792
227.89092459284893
231.34452794668348
234.8163891760964
238.31505564677235
241.84656363948255
245.39452994245644
248.97529280590004
252.59196972838018
256.2263100578283
259.8957382180532
263.59905862666835
267.3240361156024
271.089121508402
274.8674647528214
278.6277206460927
282.47213917424745
285.9215828431889
289.52361525626964
292.7110522618859
295.8810164847065
298.91010666894147
301.79428063638875
304.5722526258991
307.2279474480588
309.80664988742717
312.3030506488584
314.767060846058
317.18919124751153
319.6022890291307
322.0243593481149
324.51268263404535
327.1808645716746
329.7444680962289
332.5193415585204
335.40713183933804
338.5366711716551
341.54503385615686
344.7991368628989
348.29739453072835
351.6634950205216
355.2717309061768
359.0195804628827
362.8834345147769
366.8674504773286
370.98830852531836
375.24702313387456
379.63801125127213
384.33888685505207
388.8341601288256
393.83238695416117
398.60369285413844
403.69619482924
408.94896099080523
414.34930529402885
419.90834863974163
425.84833098159044
431.4869743757464
437.5260542363041
443.7223734425972
450.33843918910867
456.6279358938544
463.32796885214475
470.2116680682805
477.54760794498185
484.5003779978942
491.913896235088
499.50523350841803
507.26773172868855
515.2176702239083
523.6578554569256
531.6276431565559
540.0959181991802
548.7349887049336
557.8700370603249
566.474486105424
575.5918071734095
584.850167590522
594.6047802812849
603.7654606523371
613.7974870327282
623.2101763032987
633.1314527393282
643.1853558548986
653.3750402842742
663.7067912252915
674.1688914415512
684.7627671615011
692.0145195320979
695.4002790134934
699.2341054987183
702.8545808026088
706.6922771037376
710.599371068186
714.7294524205566
718.772639788187
722.7207660047533
726.8872770032832
731.1151882483505
735.5696175890776
739.9202515114131
744.3299078857669
749.1443914458628
753.6747062193274
758.0845963181476
762.7258833747326
767.4221994821802
772.3563805263922
776.9769979170684
782.0220002320855
786.7433072916367
791.7029304929694
796.712710132325
801.7728049429704
806.8819723773898
812.0400690893684
817.246414669749
822.7035060212971
827.8020012286942
833.1507408634528
838.5472590284169
844.1993993578347
849.688884112385
855.2249145702135
860.5914990507295
866.2178061042458
871.8895848805299
877.6058491224037
883.3669478763416
889.1723828929821
895.0218636308734
900.9152111070578
906.8540090603
913.065667143741
919.091314495753
925.1597438040432
931.0355607520876
937.4257050674007
943.3834561667289
949.6209978522427
955.9016133988284
962.468992291245
968.5905466892114
974.9985648197571
981.4505356267273
988.1933193642067
994.4776576039972
1001.3080532998446
1007.9282251189644
1014.5905458827901
1021.0358266068932
1028.0403292758308
1034.5663975714572
1041.6598924898724
1048.269251092799
1055.1845970946272
1062.1418274530338
1069.1409681400778
1076.1829990977003
1083.5382691850757
1090.3885203788846
1097.830700419715
1105.040730865377
1112.2935071820018
1119.3068067071933
1126.9231235008203
1134.0158915822165
1141.7197192183976
1148.893057642959
1156.6840562949492
1163.938409634165
1171.5269867140696
1179.1583565288408
1186.833075820898
1194.5502915630232
1202.309971595227
1210.7147332565348
1218.5603153745767
1226.4468796836768
1234.3761897174754
1240.5609888187983
1243.0143369592674
1245.9584984935025
1249.028025699136
1251.9542577125467
1254.731707291743
1257.406495613065
1260.1075479889685
1262.8727860762556
1265.5973573834615
1268.3309334008738
1271.150617111323
1274.0271487093974
1276.9359654922748
1279.8802385792285
1282.8670372943282
1285.897060872469
1288.9695658820538
1292.084174883644
1295.2408574424555
1298.439605187494
1301.6804259700184
1304.9632282118123
1308.2879161462772
1311.6543716982571
1315.062486849585
1318.5120945606336
1322.0030521301856
1325.535184919768
1329.1083785045457
1332.7224282614816
1336.3771833135102
1340.0725025276843
1343.8082141743628
1347.584147115712
1351.4001188537668
1355.2559434272384
1359.1514466716087
1363.0864583373327
1367.0608667977003
1371.07444305983
1375.127059533147
1379.218597621722
1383.348886279712
1387.5177633821518
1391.7250765231943
1395.970663506796
1400.2543831633948
1404.5761124903515
1408.935651555194
1413.3328607164688
1417.7676329273338
1422.2397679544504
1426.7491676957661
1431.2956424858558
1435.8790731012525
1440.499350087431
1445.1562894393853
1449.8497785901718
1454.579659380117
1459.3458020737366
1464.1480797335498
1468.9863335610414
1473.8604690154882
1478.7703391811299
1483.9067314485922
1488.6967866737655
1493.713110831677
1498.7646855713078
1503.8513773453892
1508.9730367284938
1514.1295732902722
1519.320890695775
1524.5468618217985
1529.80735645055
1535.1022647654183
1540.4314827652227
1545.7949247895044
1551.1924528820484
1556.6239777216144
1562.0893876205123
1567.5885803436156
1573.1214659310126
1578.9027030518444
1584.2879199219944
1589.9213263764948
1595.5880698162914
1601.2880016763634
1607.0210833604785
1612.7872105475744
1618.5863386268395
1624.418352240114
1630.2831844217794
1636.1807579944473
1642.1110273785193
1648.0738849630388
1654.0692365862678
1660.097036820909
1666.157242121844
1672.2497737942635
1678.374565982961
1684.5315603821173
1690.7206932630736
1696.941874706057
1703.1950799988851
1709.4802804483322
1715.7974174745677
1722.1464251782409
1728.5272742560135
1734.9398874940193
1741.384245803598
1748.1100187569205
1754.3680550899985
1760.907447219055
1767.4784235469162
1774.0809549085561
1780.7150449023616
1787.3806319977464
1794.0777286033829
1800.806265836323
1807.56626570158
1814.357683808217
1821.1805106593667
1828.0347302584591
1834.9203216109481
1841.8372589263613
1848.7855641241908
1855.7652211530565
1862.7762406606378
1869.8185994235216
1876.8923085018723
1883.9973713568618
1891.1337842773016
1898.3015480661522
1905.5006805202293
1912.7312025457538
1919.9931254554356
1927.2864612047786
1934.6112076069335
1941.9673995054736
1949.3549761954907
1956.7743095633443
1964.2253464783432
1971.707991774192
1979.2222043502804
1986.7680160409388
1994.3454981145437
2001.9546745111052
2009.8900897200947
2017.2682346759173
2024.9727126384162
2028.0599137317038
2027.1700384947694
2026.2808341088385
2025.3923018388596
2024.504442921648
2023.6172586395091
2022.7307502575536
2021.8449190131507
2020.9597661123978
2020.0752928497443
2019.1915004045702
2018.2769392177627
2017.394496777057
2016.5127390354103
2015.6316671873942
2014.7512824002897
2013.8715859026963
2012.9925788720548
2012.11426245696
2011.2366378287134
2010.3597062106726
2009.4497812094194
2008.6079266135275
2007.7330809017274
2006.8589328086466
2005.9854834373793
2005.112733922296
2004.2406853731588
2003.3693389532796
2002.498695774517
2001.6287569219216
2000.7595235128883
1999.8909966298036
1999.0231774052388
1998.156066894664
1997.289666189769
1996.4239763149044
1995.558998397124
1994.6947334690583
1993.8311826172755
1992.968346905365
1992.1062273154969
1991.2448249569438
1990.3841408405594
1989.5241759571477
1988.6649313942537
1987.8064081517853
1986.9486072324394
1986.091529679004
1985.235176481515
1984.3795486354059
1983.5246471036785
1982.6704729218716
1981.8170270544467
1980.9643104481308
1980.1123241408834
1979.2610690565766
1978.4105461743475
1977.5607564514917
1976.7117008424518
1975.863380262564
1975.0157956945304
1974.1493616529501
1973.3119754676513
1972.455191176504
1971.5699946402237
1970.7106386139667
1969.7621021160903
1968.7903505312247
1967.8195890799154
1966.849819131889
1965.881042059895
1964.9132592240337
1963.9464719783534
1962.9806816647874
1962.0158896197634
1961.0520971739506
1960.0893056445625
1959.1275163449418
1958.1667305712567
1957.2069496259228
1956.2481747957866
1955.2904073656314
1954.3336485906493
1953.3778997507168
1952.423162093365
1951.469436872308
1950.5167253228556
1949.565028681934
1948.6143481700294
1947.6646850081995
1946.7160404043232
1945.7684155652832
1944.8218116808532
1943.876229941945
1942.9316715262357
1941.988137606533
1941.0456293524865
1940.1041479173564
1939.1636944574802
1938.2242701115588
1937.285876024549
1936.3485133119257
1935.4121831129773
1934.4768865299914
1933.5426246803959
1932.6093986595147
1931.6772095655917
1930.74605848449
1929.815946502004
1928.886874692887
1927.9588441150704
1927.0318558371239
1926.1059109147786
1925.1810103944342
1924.257155311652
1923.3343467068448
1922.4125856068351
1921.4918730327497
1920.5722099991315
1919.6535975137206
1918.7360365842187
1917.8195281993828
1916.9040733493555
1915.9896730272758
1915.0763282022158
1914.1640398455913
1913.2528089251289
1912.3426363980395
1911.4335232175313
1910.5254703257133
1909.6184786724643
1908.7125491855827
1907.8076827973691
1906.9038804304018
1906.001143000943
1905.0994714211522
1904.198866593587
1903.2993294226044
1902.4008607981314
1901.5034616083024
1900.607132741365
1899.7118750681384
1898.8176894669448
1897.9245767935588
1897.0325379225744
1896.1415736966637
1895.2516849664808
1894.3628725791284
1893.4751373726592
1892.5884801853747
1891.702901840336
1890.81840315937
1889.9349849613375
1889.0526480536603
1888.1713932549756
1887.291221355742
1886.4121331571982
1885.534129452068
1884.6572110262507
1883.781378658303
1882.9066331269025
1882.032975204793
1881.160405656132
1880.2889252401553
1879.4185347222672
1878.549234849492
1877.6810263650573
1876.8139100171516
1875.9478865360945
1875.0829566675764
1874.2191211250397
1873.3563806409738
1872.4947359308578
1871.6341877075176
1870.7747366818783
1869.916383559826
1869.0591290380326
1868.2029738201597
1867.347918590953
1866.4939640378166
1865.6411108435325
1864.789359690276
1863.9387112474187
1863.0891661814383
1862.2407251637926
1861.3933888528438
1860.5471579058642
1859.702032972213
1858.8580146996173
1858.015103737611
1857.1733007176563
1856.3326062867218
1855.4930210659318
1854.6545456872816
1853.8171807690837
1852.980926938599
1852.1457848037871
1851.3117549837561
1850.4788380761483
1849.6470346920469
1848.8163454242747
1847.9867708769134
1847.1583116355107
1846.3309682895238
1845.5047414294318
1844.6796316230038
1843.8556394571954
1843.032765494865
1842.2110103149494
1841.3903744844806
1840.5708585528118
1839.752463087484
1838.9351886392963
1838.1190357669527
1837.3040050095628
1836.4900969087034
1835.6773120148055
1834.8656508549022
1834.0551139727972
1833.2457018916978
1832.437415136472
1831.6302542317821
1830.8242196973317
1830.0193120584531
1829.215531809288
1828.412879473173
1827.611355559886
1826.8109605569382
1826.011694978285
1825.2135593158832
1824.4165540668002
1823.6206797160385
1822.8259367497105
1822.0323256536515
1821.2398469099285
1820.4485009958073
1819.658288386147
1818.8692095514573
1818.0812649610793
1817.2944550795614
1816.5087803712925
1815.7242412955354
1814.9408383032262
1814.1585718595572
1813.377442397867
1812.59745038828
1811.8185962555776
1811.0408804468161
1810.2643034122991
1809.4888655726263
1808.7145673756675
1807.9414092374207
1807.1693916016243
1806.3985148784036
1805.6287794948537
1804.8601858843772
1804.0927344408858
1803.3264255994377
1802.561259758389
1801.7972373329137
1801.034358729395
1800.272624345467
1799.5120345890896
1798.7525898631905
1797.9942905520438
1797.237137054306
1796.4811297593594
1795.72626905768
1794.9725553412334
1794.2199889863948
1793.4685703742762
1792.7182998867818
1791.9691778941153
1791.2212047803241
1790.474380911451
1789.7287066544918
1788.9841823779868
1788.2408084509038
1787.498585224726
1786.757513068008
1786.0175923372472
1785.2788233907338
1784.5412065746996
1783.8047422464265
1783.0694307454178
1782.3352724245128
1781.6022676287885
1780.8704167011404
1780.139719973111
1779.4101777871972
1778.6817904867762
1777.9545583943366
1777.2284818434932
1776.503561172296
1775.7797966974
1775.0571887469853
1774.3357376469712
1773.6154437166476
1772.8963072753816
1772.1783286342875
1771.4615081215381
1770.745846033863
1770.0313426984778
1769.317998418755
1768.6058134948812
1767.8947882400273
1767.1849229561203
1766.476217946889
1765.7686735056102
1765.0622899363289
1764.3570675316678
1763.6530065890213
1762.950107393918
1762.2483702455945
1761.5477954286714
1760.8483832308748
1760.1501339321221
1759.453047827667
1758.7571251881352
1758.0623662983878
1757.368771438849
1756.6763408811933
1755.9850749007448
1755.2949737737974
1754.6060377712824
1753.9182671602182
1753.2316622118367
1752.5462231909798
1751.8619503659895
1751.1788439934667
1750.4969043424953
1749.8161316697888
1749.1365262332188
1748.4580882887842
1747.7808180978595
1747.104715912014
1746.4297819772266
1745.7560165492712
1745.0834198811467
1744.4119922154855
1743.741733802636
1743.0726448832454
1742.4047257042844
1741.7379765050657
1741.0723975293217
1740.4079890141834
1739.7447511992614
1739.0826843140962
1738.421788608873
1737.762064300839
1737.1035116261726
1736.446130827224
1735.789922118216
1735.134885733872
1734.481021901556
1733.8283308458492
1733.1768127903458
1732.5264679564264
1731.877296572961
1731.229298851315
1730.5824750163529
1729.9368252819954
1729.2923498675066
1728.6490489839446
1728.0069228503935
1727.365971675073
1726.7261956760194
1726.0875950569232
1725.450170028306
1724.8139208011708
1724.1788475760811
1723.544950565473
1722.9122299709386
1722.280685996004
1721.6503188411932
1721.0211287092138
1720.3931157996237
1719.766280308802
1719.140622437339
1718.5161423815314
1717.8928403356826
1717.2707164938108
1716.6497710482881
1716.0300041939186
1715.4114161189889
1714.7940070189202
1714.1777770726692
1713.5627264791808
1712.9488554160484
1712.336164077501
1711.724652640344
1711.114321296694
1710.5051702206297
1709.8971996009939
1709.2904096129614
1708.6848004419905
1708.0803722629803
1707.4771252572773
1706.8750595968672
1706.2741754621986
1705.6744730285668
1705.0759524650464
1704.4786139497287
1703.8824576529719
1703.2874837473464
1702.6936924028378
1702.101083790839
1701.509658074043
1700.9194154271938
1700.3303560136715
1699.7424799992039
1699.1557875509914
1698.5702788312487
1697.9859540079847
1697.4028132369422
1696.820856682803
1696.2400845109082
1695.6604968729691
1695.082093934688
1694.5048758518508
1693.9288427871668
1693.3539948906503
1692.7803323210192
1692.2078552353353
1691.6365637828053
1691.066458124737
1690.4975384110348
1689.9298047917487
1689.3632574162978
1688.797896444159
1688.233722017863
1687.6707342899797
1687.1089334062935
1686.5483195163185
1685.9888927653014
1685.430653304538
1684.873601276001
1684.3177368238435
1683.763060094064
1683.2095712276328
1682.6572703700774
1682.106157663653
1681.5562332428415
1681.007497259664
1680.4599498455248
1679.913591145852
1679.3684212957203
1678.824440433495
1678.2816486955414
1677.740046221769
1677.1996331459704
1676.6604096052795
1676.122375732799
1675.5855316630675
1675.0498775326203
1674.5154134693855
1673.9821396132602
1673.4500560915367
1672.9191630293838
1672.3894605657592
1671.8609488291522
1671.3336279479063
1670.8074980498782
1670.2825592648664
1669.7588117202215
1669.2362555411655
1668.7148908604672
1668.1947177948475
1667.675736474521
1667.1579470276042
1666.6413495718632
1666.125944234748
1665.6117311396445
1665.0987104094756
1664.5868821631195
1664.0762465268365
1663.5668036152344
1663.0585535559494
1662.5514964651043
1662.045632461843
1661.5409616677796
1661.0374841978046
1660.5352001746612
1660.0341097110743
1659.5342129292687
1659.0355099393728
1658.5380008593972
1658.0416858070798
1657.5465648975605
1657.0526382461678
1656.5599059600859
1656.0683681600422
1655.57802495653
1655.088876461851
1654.6009227904701
1654.114164050265
1653.6286003569119
1653.1442318159584
1652.661058544536
1652.1790806446786
1651.6982982340346
1651.2187114161197
1650.7403203017325
1650.2631249987169
1649.7871256116064
1649.312322254298
1648.8387150266055
1648.3663040372796
1647.8950893959736
1647.4250712032035
1646.9562495708515
1646.4886245965306
1646.0221963858971
1645.5569650460175
1645.0929306785738
1644.630093386241
1644.1684532729328
1643.7080104418385
1643.2487649914917
1642.7907170265419
1642.3338666484335
1641.8782139560067
1641.423759050042
1640.9705020291524
1640.5184429988005
1640.0675820485337
1639.617919288307
1639.1694548097803
1638.722188711778
1638.276121092624
1637.8312520494126
1637.3875816823884
1636.9451100829185
1636.5038373526727
1636.0637635813787
1635.6248888715184
1635.187213313663
1634.7507370018043
1634.3154600368869
1633.881382509003
1633.4485045092908
1633.0168261365693
1632.586347480408
1632.1570686345713
1631.7289896922996
1631.302110745884
1630.8764318869196
1630.4519532047088
1630.0286747946916
1629.606596743861
1629.185719145713
1628.7660420871557
1628.3475656616313
1627.9302899564186
1627.5142150616548
1627.0993410662015
1626.6856680586545
1626.2731961271206
1625.861925360374
1625.4518558431605
1625.042987666694
1624.6353209171618
1624.228855679116
1623.8235920416826
1623.4195300879096
1623.0166699083313
1622.6150115832609
1622.2145552026805
1621.8153008480551
1621.417248606157
1621.0203985597232
1620.6247507931403
1620.230305391886
1619.8370624381932
1619.4450220143078
1619.0541842035582
1618.6645490906117
1618.2761167556528
1617.8888872824537
1617.5028607500644
1617.1180372424124
1616.7344168399516
1616.3519996242544
1615.9707856750613
1615.5907750728659
1615.21196789637
1614.8343642273362
1614.4579641457362
1614.0827677291372
1613.7087750585517
1613.3359862118084
1612.9644012656802
1612.5940203001976
1612.2248433934037
1611.856870622242
1611.490102062615
1611.1245377949197
1610.7601778929895
1610.3970224351335
1610.035071497482
1609.6743251563557
1609.3147834868928
1608.9564465654137
1608.5993144641604
1608.2433872616573
1607.8886650333006
1607.53514785044
1607.1828357875347
1606.8317289222455
1606.4818273239991
1606.133131068181
1605.7856402292077
1605.4393548787
1605.0942750871245
1604.7504009319703
1604.4077324808677
1604.0662698074764
1603.726012985813
1603.3869620836717
1603.049117173476
1602.712478326776
1602.3770456140542
1602.0428191059157
1601.709798870449
1601.3779849810576
1601.0473775062228
1600.7179765137496
1600.389782075651
1600.0627942596752
1599.7370131327477
1599.4124387665595
1599.089071226393
1598.7669105819875
1598.4459569006845
1598.1262102498395
1597.8076706978186
1597.4903383105598
1597.1742131545152
1596.859295296845
1596.5455848039305
1596.233081741472
1595.9217861759746
1595.6116981723114
1595.3028177961085
1594.9951451132065
1594.6886801863109
1594.3834230829887
1594.0793738643956
1593.7765325968091
1593.4748993448943
1593.1744741704354
1592.8752571381017
1592.5772483102198
1592.2804477499299
1591.9848555209092
1591.6904716843198
1591.3972963035326
1591.1053294386843
1590.8145711546756
1590.5250215101169
1590.2366805683978
1589.949548389053
1589.6636250333563
1589.378910562789
1589.095405036568
1588.8131085153293
1588.5320210590503
1588.2521427266383
1587.973473578589
1587.6960136736898
1587.4197630707151
1587.1447218292249
1586.8708900060828
1586.5982676603614
1586.3268548507963
1586.0566516335655
1585.7876580675952
1585.5198742095938
1585.2533001167217
1584.9879358457151
1584.7237814532753
1584.4608369960488
1584.199102529505
1583.9385781099286
1583.6792637927852
1583.4211596339599
1583.1642656879928
1582.9085820101595
1582.654108655041
1582.4008456775487
1582.1487931312872
1581.8979510701208
1581.6483195489993
1581.3998986203815
1581.1526883377508
1580.9066887544134
1580.6618999228065
1580.4183218954952
1580.1759547256222
1579.9347984643778
1579.6948531641592
1579.456118876318
1579.2185956521832
1578.98228354324
1578.7471826003716
1578.5132928738653
1578.2419524367567
1578.0491472723518
1577.818891497297
1577.589847139279
1577.36201424763
1577.1353928716817
1576.9099830605485
1576.6857848626653
1576.4627983267735
1576.24102350107
1576.0204604337355
1575.8011091725614
1575.582969764937
1575.3660422583966
1575.1503267000473
1574.9358231364226
1574.7225316143638
1574.5104521803082
1574.299584880093
1574.0899297598696
1573.881486865157
1573.6742562412987
1573.46823793358
1573.2634319867532
1573.0598384456348
1572.857457354608
1572.6562887576106
1572.4563326988575
1572.2575892220177
1572.0600583703658
1571.8637401872995
1571.668634715571
1571.4747419978198
1571.2820620769328
1571.0905949947548
1570.9003407933424
1570.7112995143705
1570.5234711993821
1570.3368558897084
1570.1514536259945
1569.9672644495556
1569.7842884002155
1569.6025255188824
1569.4219758451868
1569.242639418351
1569.0645162786761
1568.8876064651195
1568.7119100165785
1568.5374269721342
1568.3641573697105
1568.1921012482128
1568.0212586449827
1567.8516295982974
1567.6832141450786
1567.516012322716
1567.350024169308
1567.1852497197976
1567.0216890122738
1566.859342081644
1566.6982089649255
1566.5382896967399
1566.3795843133973
1566.2220928505064
1566.0719478361661
1565.937760022726
1565.8009997122936
1565.6702201230758
1565.5340343014332
1565.4118290029355
1565.2903412446037
1565.164051387371
1565.0391742893694
1564.9067020336365
1564.775213316486
1564.6447081919916
1564.5151866459075
1564.3866487100427
1564.2590944162096
1564.1325238007232
1564.0069368684847
1563.8823336543526
1563.7587141621598
1563.6360784340495
1563.5144264689927
1563.3937583133725
1563.2740739730502
1563.1553734802126
1563.0376568473464
1562.9209241133742
1562.8051752917147
1562.6904103830493
1562.5766294293487
1562.4638324482448
1562.3520194503287
1562.2411904754956
1562.131345526471
1562.0224846159047
1561.9146077876292
1561.8077150603644
1561.7018064348877
1561.5968819410643
1561.4929415908402
1561.3899854068713
1561.2880134201814
1561.1870256285601
1561.0870220606232
1560.9880027330391
1560.8899676657552
1560.7929168875105
1560.6968503876337
1560.601768217097
1560.5076703547898
1560.4145568391864
1560.3224277003403
1560.231282932978
1560.141122570373
1560.0519466194007
1559.9637550935008
1559.8765480325255
1559.7903254164232
1559.7050872786735
1559.620833633077
1559.537564509215
1559.4552799031233
1559.3739798352071
1559.2936643194298
1559.2143333732026
1559.1359870056738
1559.05862524413
1558.9822481041058
1558.9068555791043
1558.8324476953205
1558.75902446986
1558.6865859109525
1558.6151320336928
1558.5446628401992
1558.4751783790223
1558.4066786112633
1558.339163592895
1558.2726333184178
1558.207087785964
1558.1425270403718
1558.0789510655557
1558.0163598816557
1557.9547535040547
1557.8941319403136
1557.8344952071566
1557.7758432935932
1557.718176247399
1557.6614940512068
1557.6057967342178
1557.551084302201
1557.4973567550887
1557.4446141049407
1557.3928563504562
1557.3420835225304
1557.2922956240066
1557.2434926838064
1557.195674675538
1557.1488416318198
1557.1029935608801
1557.0581304260522
1557.0142522755843
1556.9713591225693
1556.929450990005
1556.8885278468952
1556.8485897143412
1556.80963661621
1556.7716685415128
1556.734685515328
1556.6986875197463
1556.663674567771
1556.6296466479391
1556.596603794061
1556.56454602239
1556.5334733097582
1556.5023746228674
1556.4734722717374
1556.4465335341997
1556.4205082733163
1556.3953964936964
1556.3711981959339
1556.3479133718058
1556.3255420399119
1556.3040842096293
1556.2835398752593
1556.263909057772
1556.245191753796
1556.2273879442878
1556.210497657006
1556.194520875878
1556.1794576079074
1556.1653078600343
1556.1520716528837
1556.1397489632516
1556.128339792386
1556.1178441647962
1556.1082620516836
1556.0995934695984
1556.091838437939
1556.0849969392839
1556.0790689806115
1556.074054548268
1556.0699536553034
1556.0667663117338
1556.0644924970481
1556.0631322261188
1556.062685497844
1556.0631523186694
1559.2266994908982
1563.802722813937
1568.7395878455106
1572.978308035022
1577.5776798813395
1582.1848046028038
1586.7996959290315
1591.422353359262
1596.0527700582074
1600.6909499590736
1605.3368898650124
1609.9906071953217
1614.6520929456776
1619.3213499217413
1623.99838643413
1628.6832038309178
1633.375804758924
1638.0761918190508
1642.7843688252062
1647.5003427422225
1652.587804428459
1656.9556891369211
1661.6950706061539
1666.442267956838
1671.1972848428077
1675.9601247915746
1680.7307918680685
1685.5092971630536
1690.2956431679202
1695.0898377125363
1699.8918831707128
1700.6452945251751
1702.1365677261863
1711.755522870513
1721.4054115902552
1731.0866414002408
1740.79925004497
1750.5433336899646
1762.3850026905031
1765.7644147752474
1765.7806976336055
1765.7974209935214
1765.8142489306358
1765.8311814363117
1765.8482184790212
1765.865360045589
1765.8826061012091
1765.8999566340988
1765.917411619378
1765.9349709997246
1765.9526348045158
1765.9704029698767
1765.9889649716772
1766.007639479786
1766.027124443464
1766.0446239371367
1766.064337806146
1766.0827517581774
1766.1019842350436
1766.1191740844397
1766.1378965671156
1766.1567231866377
1766.175653904865
1766.1946887015001
1766.2138275416487
1766.233070408605
1766.2524172653846
1766.2718681178608
1766.2914229095586
1766.3110816237015
1766.3308442453558
1766.350710718377
1766.37068102882
1766.3907551480845
1766.4109330612205
1766.4312147488947
1766.4516001560635
1766.4720892854261
1766.4926820951846
1766.5133785386179
1766.5341786108452
1766.5550822672442
1766.5760895062645
1766.5972002769602
1766.6184145622371
1766.6397323262906
1766.6611535353545
1766.6826781822626
1766.7043062397056
1766.7260376427523
1766.7478723880893
1766.7698104418541
1766.7918517474545
1766.8139963372082
1766.8362441249838
1766.8585951279101
1766.8810492609302
1766.9036065451887
1766.9262669348043
1766.9490303780813
1766.971896849854
1766.9948663517266
1767.0179387991288
1767.041114206601
1767.0643925260254
1767.08777372316
1767.1112577815597
1767.1382029553913
1767.1726065034507
1767.2044141891552
1767.2434556380729
1767.289877125345
1767.3159082515706
1767.3438510851065
1767.3737312770352
1767.405576040424
1767.4394143220718
1767.475276555633
1767.5131948770338
1767.5532030107397
1767.595336299496
1767.6396316007026
1767.6861275111712
1767.734864135896
1767.7858830999585
1767.8392277718021
1767.894895246052
1767.9529788375744
1768.013526528367
1768.0765877606498
1768.1422136055755
1768.2104565994719
1768.2813707836226
1768.3550118938379
1768.4314369331812
1768.5107045957013
1768.5928749584734
1768.6780095495842
1768.766171510686
1768.857425295683
1768.9518369330772
1769.0494736946157
1769.1504044208116
1769.2546993458639
1769.3624299864257
1769.4736694384458
1769.5884918284708
1769.706972972849
1769.8291897165307
1769.9552205824198
1770.085144870202
1770.2165306625413
1770.3493752759487
1770.483676115716
1770.6194302949057
1770.7566351631192
1770.895288170772
1771.035386168356
1771.1769265352486
1771.3199063478166
1771.4643227757538
1771.6101728089423
1771.7574535264293
1771.9061620459922
1772.0562951617035
1772.207849999848
1772.3608234917351
1772.5152123315681
1772.6710136544957
1772.828224106524
1772.986840546097
1773.1468597940254
1773.3082785248678
1773.4710935241583
1773.6353013667342
1773.8008988006561
1773.9678823956388
1774.1362488601967
1774.305994652682
1774.4771162597538
1774.6496102640128
1774.82347309735
1774.9987013316033
1775.1752911160052
1775.3532390133962
1775.532541479831
1775.7131944429618
1775.895194691506
1776.078538062818
1776.2632210699674
1776.449239836322
1776.6365903736944
1776.8252690320478
1777.0152719192213
1777.2065949289345
1777.399234246681
1777.5931857656387
1777.7884458161052
1777.9850098734203
1778.1828741625138
1778.3820346542238
1778.582486911353
1778.7842271995269
1778.9872508245471
1779.1915539970075
1779.3971321631946
1779.603981376915
1780.021474837609
1780.2321104705788
1780.4439996820847
1780.871520564145
1781.0871433211523
1781.5220910278574
1781.9619444206778
1782.4066665965079
1782.8562201534949
1783.3105671347641
1784.000991353136
1784.9379723542493
1785.8934217879264
1787.1132084805563
1788.1090110583957
1789.1221980213243
1789.893286995755
1791.199321130514
1791.9952241316253
1793.3416993944572
1794.161307626166
1795.267460498643
1796.388503550617
1797.5240401466876
1798.673667234549
1799.8369745989917
1801.0135456663286
1802.202957295701
1803.4047798708002
1804.3140293264316
1805.5365179589135
1806.7702034240867
1808.3273648436243
1809.5845773036174
1810.5338796461447
1811.8077618837865
1813.0905165600645
1814.3816616324634
1815.35523361764
1816.6598858587354
1817.643020618836
1818.9596592584815
1820.2824540763309
1821.6108949141292
1822.2153146517069
1823.1769383351611
1824.0811617985219
1825.1965564314078
1826.2078409663684
1826.8974567542773
1827.7252452665155
1828.2765245053236
1828.7679747207465
1829.3299299864364
1829.6812716040902
1830.0560745199627
1830.2668628973477
1830.4545787283248
1830.5351780843464
1830.6096262731176
1830.6976166489494
1830.78561354218
1830.873616801421
1830.9616262927489
1831.0496418495063
1831.137663303107
1831.2256905468957
1831.3137234186008
1831.4017616982953
1831.4898053621537
1831.5778541160025
1831.665907983567
1831.753966725233
1831.842030213745
1831.9300982879554
1832.0181707231031
1832.106247471051
1832.1943283094856
1832.2858011398573
1832.3705018094604
1832.4585941481298
1832.5466899955645
1832.6347892267904
1832.7228916638326
1832.8109971773815
1832.8991056036884
1832.987216788977
1833.075330595106
1833.1634468759412
1833.251565450844
1833.3396862176799
1833.42780901799
1833.5159336679312
1833.6040600199742
1833.6921879452118
1833.7803172771794
1833.8684478549203
1833.956579555542
1834.0447122216708
1834.1328456886413
1834.2209798043582
1834.309114428686
1834.397249407696
1834.4853845906698
1834.5735198222253
1834.6616549448518
1834.7497898225631
1834.837924282387
1834.9260581857418
1835.0150189552655
1835.1014101011108
1835.1900445923334
1835.2818490303089
1835.3711098803299
1835.4698822590153
1835.5715653329044
1835.6732459798375
1835.774923969899
1835.876599063396
1835.978271030553
1836.0799396366706
1836.1816046482109
1836.2832658286152
1836.3849229444836
1836.4865757632922
1836.588224048738
1836.6898675676955
1836.7915060859139
1836.8931393673229
1836.9947671779905
1837.0963892818852
1837.1980054453609
1837.2996154333598
1837.4012190114488
1837.502815944986
1837.6044059994626
1837.7059889354184
1837.8075645225922
1837.9091325216968
1838.0106927006923
1838.112244821466
1838.2137886511612
1838.315323949684
1838.4168504876525
1838.5183680241257
1838.6198763256732
1838.7213751569125
1838.822864280374
1838.941255673866
1839.0258124612162
1839.1272710464223
1839.2287189817703
1839.330156027017
1839.4315819510553
1839.532996511641
1839.6343994767708
1839.7357906089726
1839.837169672214
1839.9385364268228
1840.0398906404907
1840.1412320726984
1840.2425604903158
1840.3438756520645
1840.4451773261144
1840.5464652727364
1840.6477392534896
1840.7489990334293
1840.850244375627
1840.9514750422366
1841.0526907953943
1841.1538914020155
1841.2550766165539
1841.3562462110021
1841.4573999386691
1841.5585375722862
1841.65965886542
1841.7607635837799
1841.8618514924399
1841.9629223500217
1842.063975920421
1842.1650119645085
1842.266030248913
1842.3670305293936
1842.468012570762
1842.5689761383092
1842.6699209882463
1842.7708468883263
1842.8717535958965
1842.9726408772074
1843.0696343836535
1843.1569522080322
1843.2465589373246
1843.332828820449
1843.423348780397
1843.505159347536
1843.592485717258
1843.6797962067212
1843.7670906710641
1843.8543689482938
1843.9416308970328
1844.0288763505052
1846.3764186652238
1856.2782857547372
1866.2129677650275
1876.18092542737
1886.1824305573673
1896.2174501336951
1906.2855328725161
1916.385719251917
1926.5164394742494
1936.6753776469366
1946.85937318423
1957.064306044543
1967.2849911064548
1977.5150498594005
1987.7468111719688
1997.9711998277307
2008.1776088808099
2018.320557297977
2028.2295559083555
2038.6715651591926
2049.0511237375654
2058.872192454576
2069.1718648401784
2079.578619204624
2090.20966348267
2100.927900538867
2111.662932219882
2122.3832403455053
2133.2060902642743
2144.059475343534
2154.966338616306
2165.9200328365173
2176.912330422701
2188.368988177735
2199.014812772771
2210.10557348099
2221.2308860720577
2232.376228325292
2243.534945536319
2254.7637458723275
2266.062269668316
2277.386735846265
2288.7367647669407
2300.1402934782614
2311.588788487037
2323.070803088101
2334.5927048422
2346.160204414544
2357.768874819919
2369.4171514047084
2381.108310440469
2392.843002311056
2404.6198295334616
2416.894674140681
2428.3028533072293
2440.210587345814
2452.1627081936053
2464.15992709717
2476.201913951218
2488.289682511326
2500.4233123426075
2512.602973400461
2524.8295638864397
2537.1027870250973
2549.4234516831766
2562.268730270066
2574.20837936269
2586.673490107286
2599.1874175957064
2611.7505244855943
2624.3636875747693
2637.0265213698885
2649.7401053704402
2662.5047791885413
2675.3205744444444
2688.1884845474965
2689.125325979246
2689.063001713401
2688.9979585961123
2688.9301975495846
2688.8597195486723
2688.7865256186205
2688.706515915616
2688.6275885316572
2688.549215073881
2688.4647950960702
2688.3796967342487
2688.2819536628176
2688.175070781718
2688.0645850826318
2687.950498670723
2687.83281371757
2687.7115324691986
2687.586657228655
2687.4581903814337
2687.326134357434
2687.190491686025
2687.0512649366083
2686.90845674737
2686.7620698433875
2686.6302720435033
2686.48280904711
2686.3188221939167
2686.1751119117357
2686.0197344753697
2685.8521781406885
2685.671834115272
2685.4781038446126
2685.3236449110095
2685.1610282892716
2684.989969420541
2684.8101747474398
2684.62138879708
2684.4268027432104
2684.228684892962
2684.0270389528578
2683.8218686945297
2683.613178002307
2683.4009707802165
2683.185251025781
2682.9660227548557
2682.743290087992
2682.5170571951458
2682.28732829994
2682.0541077129255
2681.8173997567387
2681.577208862437
2681.333539499382
2681.0863962308163
2680.8357836296022
2680.5817063470463
2680.3241691249596
2680.0631767276586
2679.7987339950705
2679.53084583562
2679.2595171971034
2678.9847530955744
2678.706558590751
2678.4249388474136
2678.1398990153803
2677.8514443693102
2677.5595802142516
2677.2643119176473
2676.9656448841847
2676.663584587563
2676.358136578503
2676.049306428371
2675.73709979281
2675.421522363461
2675.102579899466
2674.780278211412
2674.4546231529016
2674.1256206600915
2673.7932766876443
2673.4575972721436
2673.1185884838933
2672.776256450576
2672.4306073807206
2672.081647491779
2671.729383061282
2671.373820443043
2671.0149660462644
2670.6528262794172
2670.2874076500625
2669.9187166962492
2669.546760014536
2669.1715442590166
2668.793076109166
2668.411362301982
2668.0264096273163
2667.63822491889
2667.2468150830764
2666.8521870419954
2666.454347764182
2666.053304281905
2665.649063662351
2665.2416330498418
2664.831019583479
2664.41723048278
2664.0002729980088
2663.5801544339424
2663.1568821379815
2662.730463482845
2662.3009059158003
2661.868216908478
2661.4324039684598
2660.9934746709127
2660.551436598318
2660.106297412665
2659.6580647935975
2659.2067464549555
2658.7523501899072
2658.2948837781178
2657.834355074933
2657.3707719754475
2656.9041423849344
2656.4344742874173
2655.9617756770494
2655.4860545931615
2655.0073191129563
2654.5255773458707
2654.040837441845
2653.553107611761
2653.0623960480857
2652.568711032
2652.072060835082
2651.572453811579
2651.0698983174307
2650.5644027341464
2650.055975515819
2649.544625110382
2649.0303600298316
2648.5131887924163
2647.993119963125
2647.470162147669
2646.9443239456727
2646.415614042169
2645.8840410930597
2645.349613849885
2644.812341026359
2644.2722314214902
2643.729293832761
2643.1835370947715
2642.6349700576275
2642.083601637293
2641.5294407214005
2640.9724962748883
2640.4127772533175
2639.8502926613246
2639.285051528421
2638.7170628989606
2638.1463358334418
2637.5728794432084
2636.996702847235
2636.4178151992664
2635.8362256522464
2635.251943425151
2634.6649777047437
2634.0753377445394
2633.48303281252
2632.8880721690516
2632.2904651387234
2631.690221037601
2631.087349200957
2630.4818590082427
2629.873759838808
2629.263061089642
2628.649772190103
2628.033902580534
2627.4154617158733
2626.7944590753905
2626.170904162568
2625.544806476262
2624.916175550759
2624.2850209358066
2623.6513521828238
2623.01517886345
2622.376510589882
2621.735356940016
2621.0917275702673
2620.445632076214
2619.7970801276756
2619.1460813866556
2618.492645526011
2617.8367822379428
2617.178501206244
2616.5178121626936
2615.8547248142204
2615.1892489012253
2614.5213941577153
2613.8511703627055
2613.178587261285
2612.503654654695
2611.8263822852364
2611.146779984991
2610.464857545696
2609.780624767561
2609.0940914806347
2608.4052675178036
2607.7141627042174
2607.020786859829
2606.325149864987
2605.6272615669222
2604.92713182348
2604.2247704807187
2603.5201874439394
2602.813392561541
2602.104395720723
2601.3932068152117
2600.679835710262
2599.9642923336737
2599.0068724643215
2598.526728268886
2597.8047273978573
2597.080593824442
2596.3543374755627
2595.6259682420214
2594.895496037908
2594.1629307653925
2593.428282349405
2592.691560689908
2591.9527757059445
2591.2119373090127
2590.4690553938567
2589.7241398741007
2588.9772006692133
2588.228247686306
2587.477290828096
2586.7243399886775
2585.969405078035
2585.2124959962707
2584.4536226363302
2583.692794881157
2582.930022636712
2582.165315775592
2581.398684197262
2580.6301377511895
2579.859686343708
2579.0873398130175
2578.313108030976
2577.5370008562663
2576.7590281374746
2575.9791997372763
2575.197525465248
2574.4140151734996
2573.6286786893065
2572.8415258272203
2572.052566402207
2571.2618102138563
2570.469267053408
2569.674946720878
2568.8788590136714
2568.0810136620235
2567.281420449648
2566.4800891394448
2565.677029464185
2564.872251165494
2564.065763961439
2562.987806186226
2562.44770169532
2561.365255877067
2560.822920283713
2560.008034099758
2559.1914971444853
2558.3733190753437
2557.553509531441
2556.7320781329036
2555.9090345013083
2555.084388241582
2554.2581489297518
2553.430326151409
2552.6009294750365
2551.7699684570807
2550.9374526203424
2550.10339149287
2549.267794597153
2548.4306714213185
2547.5920314367418
2546.7518841406973
2545.9102389578825
2545.067105342089
2544.222492722406
2543.3764104884626
2542.5288680373046
2541.679874761489
2540.8294400282693
2539.9775731437403
2539.1242834997984
2538.2695803486
2537.4134730227615
2536.5559707924117
2535.6970829317866
2534.836818677218
2533.975187257327
2533.112197890279
2532.2478597777113
2531.382182084656
2530.5151739779294
2529.6468445921923
2528.777203064974
2527.906258491325
2527.034019961556
2526.160496534974
2525.285697273826
2524.409631201572
2523.532307335287
2522.6537346599525
2521.7739221557226
2520.892878772509
2520.010613453962
2519.1271351201917
2518.2424526373443
2517.3565748950814
2516.4695107523735
2515.581269038631
2514.6918585772637
2513.8012881466007
2512.9095665256045
2512.016702468729
2511.122704697383
2510.2275819472115
2509.331342880222
2508.4339961625415
2507.535550468614
2506.636014400053
2505.7353965639295
2504.833705549884
2503.6297962474896
2502.725634395053
2501.8204278011963
2501.216380515703
2500.309451533932
2499.401500404039
2498.4925355458845
2497.5825653513903
2496.671598224082
2495.7596425235583
2494.8467065617865
2493.932798676953
2493.0179271367447
2492.102100234882
2491.18532618517
2490.267613226201
2489.3489695620433
2488.4294033780398
2487.5089227780923
2486.5875359429897
2485.665250931919
2484.7420758545736
2483.818018752577
2482.8930876699515
2481.9672906028795
2481.0406355476416
2480.113130465034
2479.184783290765
2478.2556019202043
2477.3255942600335
2476.3947681753957
2475.463131499361
2474.5306920445187
2473.597457606592
2472.6634359559184
2471.7286348217576
2470.793061936737
2469.8567249817147
2468.9196316388898
2467.981789536522
2467.0432063003464
2466.1038895145853
2465.163846767601
2464.223085599434
2463.281613507537
2462.339438006803
2461.396566561842
2460.453006613776
2459.5087655884226
2458.5638508637653
2457.61826983088
2456.6720298211594
2455.725138143877
2454.777602111361
2453.8294289701275
2452.8806259881676
2451.931200360839
2450.981159299112
2450.030509947084
2449.0792594652294
2448.127414952904
2447.17498351402
2446.221972200904
2445.268388073336
2444.3142381276257
2443.3595293520184
2442.4042687281685
2441.448463176243
2440.4921195950824
2439.535244907922
2438.57784594995
2437.619929556198
2436.661502553671
2435.702571707619
2434.7431437925106
2433.7832255276358
2432.822823630831
2431.8619447759793
2430.9005956223486
2429.9387828163854
2428.97651293484
2428.0137925798754
2427.0506282942033
2426.08702661537
2425.1229940346566
2424.158537043042
2423.1936620814313
2422.2283755827425
2421.2626839539284
2420.2965935517855
2419.330110737283
2418.363241840386
2417.395993157549
2416.4283709551373
2415.4603814967745
2414.492030983833
2413.523325628502
2412.5542715988877
2411.5848750558084
2410.6151420907945
2409.6450788254206
2408.674691318513
2407.7039856269153
2406.4092267896617
2405.1139271854554
2404.7900194376575
2403.818100920549
2402.8458940466567
2401.8734047371718
2400.900638839059
2399.9276021976534
2398.9543006519993
2397.9807399835
2397.006925949297
2396.032864317265
2395.058560780389
2394.0840210560586
2393.1092508106844
2392.1342556670547
2391.1590412663095
2390.1836132110357
2389.207977047914
2388.2321383166754
2387.2561025756095
2386.279875288846
2385.303461939147
2384.3268679716716
2383.350098812266
2382.373159861631
2381.3960564835666
2380.4187940284896
2379.4413778407134
2378.463813189788
2377.486105370143
2376.50825964492
2375.530281215062
2374.5521753002217
2373.5739470952626
2372.5956017204394
2371.6171443271037
2370.6385800298467
2369.659913905854
2368.681151014215
2367.702296382644
2366.7233550397896
2365.7443319708823
2364.7652321242344
2363.786060461321
2362.806821887774
2361.8275213039838
2360.848163579532
2359.868753566224
2358.8892960790013
2357.909795921304
2356.9302578661714
2355.9506866814368
2354.971087092164
2353.9914637930533
2353.0118214927356
2352.0321648382396
2351.052498465314
2350.072826998603
2349.093155020217
2348.1134871325457
2347.1338278388725
2346.154181688354
2345.1745531812244
2344.1949468007924
2343.215366994195
2342.2358181979803
2341.2563048379316
2340.276831285021
2339.2974019188296
2338.3180210765354
2337.338693091502
2336.359422267523
2335.380212873134
2334.401069159807
2333.4219953881106
2332.4429957452876
2331.46407443976
2330.4852356387023
2329.506483486547
2328.5278220922323
2327.549255599458
2326.5707880598707
2325.5924235530797
2324.6141661175884
2323.6360197637223
2322.657988503513
2321.6800763031933
2320.702287105822
2319.724624877325
2318.4212794753066
2317.4439286412526
2316.4667177351366
2315.4896505897646
2314.187124619341
2312.8848700256067
2312.2338473044724
2311.2574470333143
2310.281210682098
2309.3051419599487
2308.329244566981
2307.353522163706
2306.377978407853
2305.4026169360513
2304.4274413452004
2303.452455242497
2302.47766220812
2301.5030657884836
2300.5286695221503
2299.5544769007224
2298.5804914472837
2297.6067166121907
2296.6331558572383
2295.659812611583
2294.686690315638
2293.7137923311034
2292.7411220703466
2291.7686828683745
2290.7964780582593
2289.8245109794493
2288.8527849179864
2287.8813031672967
2286.910068979654
2285.9390855832003
2284.968356241352
2283.9978841363477
2283.0276724605774
2282.0577243883145
2281.0880430612965
2280.118631601341
2279.1494931607053
2278.1806307918387
2277.212047590353
2276.2437466261617
2275.275730911811
2274.3080034916325
2273.340567372922
2272.3734255293816
2271.406580942605
2270.440036543177
2269.4737952877977
2268.5078600757015
2267.542233831833
2266.5769193997357
2265.611919673953
2264.647237486357
2263.682875655912
2262.7188370168215
2261.7551243443995
2260.791740429989
2259.8286880139217
2258.865969868207
2257.9035886984984
2256.9415472092683
2255.9798481016364
2255.0184940643467
2254.057487748653
2253.09683177692
2252.136528797648
2251.1765814035143
2250.2169922081453
2249.2577637694358
2248.2988986598075
2247.3403994159316
2246.3822685877176
2245.424508645171
2244.467122130627
2243.5101114787217
2242.5534791860846
2241.5972276979464
2240.64135944492
2239.6858768195325
2238.7307822575094
2237.776078130732
2236.8217667967947
2235.8678506322867
2234.9143319694226
2233.9612131262247
2233.0084964074945
2232.0561841321432
2231.1042785511017
2230.1527819401035
2229.20169653648
2228.251024596604
2227.3007683142605
2226.350929917619
2225.401511577209
2224.4525154579865
2223.5039437544606
2222.239845360432
2221.292272215423
2220.34513057731
2219.713943569149
2218.7675257321716
2217.8215449426402
2216.8760032708283
2215.9309027542126
2214.986245424484
2214.0420333042175
2213.0982683934353
2212.1549526723475
2211.2120881247497
2210.269676711164
2209.3277203886355
2208.386221082571
2207.4451806979378
2206.5046011714103
2205.5644843983196
2204.6248322219462
2203.68564655327
2202.746929219549
2201.808682052182
2200.87090690795
2199.933605589079
2198.9967798856555
2198.06043160472
2197.1245625210595
2196.189174374392
2195.2542689379397
2194.3198479296884
2193.3859131080185
2192.4524661327564
2191.519508752485
2190.587042633821
2189.655069445257
2188.723590851695
2187.7926085037293
2186.862124056985
2185.9321391027006
2185.002655283738
2184.073674171895
2183.1451973760863
2182.2172264807705
2181.2897630313723
2180.362808599119
2179.4363647084574
2178.5104328800153
2177.585014670806
2176.6601115431904
2175.7357250243313
2174.8118565744207
2173.888507676288
2172.9656797799353
2172.0433743491976
2171.1215928219563
2170.200336603412
2169.2796071217854
2168.359405775044
2167.4397339694674
2166.520593066389
2165.6019844515645
2164.6839094704005
2163.766369496282
2162.8493658452485
2161.9328998283895
2161.0169728032347
2160.1015860427196
2159.1867408686003
2158.2724385386914
2157.358680324338
2156.4454675299107
2155.2287009975253
2154.316765623541
2153.7091139164095
2152.494544671612
2151.2809566580786
2150.068352742142
2149.159547292022
2148.2512981341356
2147.6461083375834
2146.738788917553
2145.8320288699924
2144.9258293314792
2144.0201914109152
2143.1151162440815
2142.2106049229856
2141.3066585521897
2140.4032782057197
2139.5004649809325
2138.5982199196546
2137.696544094685
2136.795438555962
2135.89490433498
2134.9949424737233
2134.095553976351
2133.1967398520023
2132.2985011234796
2131.4008387603685
2130.5037537710564
2129.607247103906
2128.7113197444774
2127.815972643792
2126.921206734512
2126.02702298401
2125.1334223166978
2124.240405620952
2123.347973847694
2122.456127892509
2121.5648686470186
2120.6741969891505
2119.7841138097247
2118.8946199748066
2118.005716343993
2117.1174037814485
2116.2296831240315
2115.3425551910723
2114.4560208330395
2113.5700808690954
2112.6847360926226
2111.7999873407935
2110.915835365403
2110.032280992691
2109.14932498302
2108.2669681045795
2107.385211140416
2106.504054832169
2105.623499930073
2104.7435471639187
2103.864197285481
2102.9854510129
2102.1073090488417
2101.22977212559
2100.3528409261794
2099.476516161934
2098.6007985038045
2097.7256886339233
2096.8511872345143
2095.9772949627445
2095.104012464936
2094.231340418783
2093.3592794473825
2092.487830185751
2091.616993256853
2090.7467693101753
2089.8771589312273
2089.0081627335944
2088.139781323009
2087.2720152798433
2086.4048652082
2085.5383316743937
2084.6724152495394
2083.807116511559
2082.9424360107514
2082.0783742987837
2080.927255512285
2080.0646397436867
2079.4899072971953
2078.62832612583
2077.7673663930923
2076.907028622338
2076.0473133201403
2075.1882209772466
2074.329752096634
2073.4719071561276
2072.6146866372655
2071.7580910125575
2070.9021207492788
2070.0467763147176
2069.1920581511404
2068.3379667246395
2067.4845024670653
2066.631665808807
2065.779457187756
2064.9278770279366
2064.076925740786
2063.22660375849
2062.376911464534
2061.527849266444
2060.679417559939
2059.8316167357057
2058.9844471704478
2058.1379092525804
2057.2920033440864
2056.446729809435
2055.6020890136747
2054.758081308373
2053.9147070441413
2053.0719665616484
2052.2298601985476
2051.3883882864143
2050.547551155997
2049.707349126152
2048.8677825151894
2048.0288516244323
2047.1905567669176
2046.352898238828
2045.515876337527
2044.679491354314
2043.843743561881
2043.0086332538897
2042.1741606929622
2041.340326153672
2040.5071298922703
2039.6745721680643
2038.8426532453368
2038.0113733592082
2037.1807327551926
2036.3507316786167
2035.5213703599145
2034.6926490204619
2033.8645678920113
2033.037127190096
2032.2103271280976
2031.3841679139814
2030.558649750214
2029.7337728444224
2028.909537388142
2028.0859435638554
2027.2629915701257
2026.4406815769635
2025.6190137668725
2024.7979883045443
2023.9776053690778
2023.1578651164411
2022.3387676974264
2021.520313282595
2020.7025020106244
2019.8853340203689
2019.068809465229
2018.2529284774812
2017.4376911861455
2016.6230977205582
2015.8091482050795
2014.9958427608924
2014.183181497128
2013.3711645233475
2012.5597919584711
2011.7490638934207
2010.9389804303457
2010.1295416665582
2009.3207476857444
2008.512598582822
2007.7050944248774
2006.8982353099052
2006.092021299179
2005.2864524636095
2004.4815288747773
2003.677250594363
2002.873617672437
2002.0706301828272
2001.2682881488136
2000.4665916512283
1999.6655407097237
1998.8651353625644
1998.065375657803
1997.2662616283853
1996.4677932959528
1995.6699706830489
1994.8727938131638
1994.0762627145045
1993.2803773914422
1992.4851378529622
1991.6905441127005
1990.8965961695592
1990.10329402351
1989.3106376774256
1988.518627121332
1987.7272623392926
1986.936543325445
1986.1464700506467
1985.357042514916
1984.5682606810694
1983.7801245255048
1982.992634013466
1982.205789118733
1981.4195897989202
1980.6340360075492
1979.8491277191654
1979.0648648726285
1978.2812474259467
1977.4982753261606
1976.7159485131817
1975.9342669301102
1975.153230512946
1974.372839199008
1973.5930929274114
1972.813991607093
1972.0355351787105
1971.2577235721174
1970.480556692256
1969.7040344604009
1968.9281567884732
1968.1529235955852
1967.3783347816302
1966.6052087083067
1965.849835844583
1965.118271398914
1964.4104603671035
1963.7263494610554
1963.0658871961834
1962.221971862833
1961.4198346090398
1960.659242935145
1959.9402827967854
1959.2628576755528
1958.4743468406673
1957.7504272099502
1957.0899497566086
1956.3246038497557
1955.5599005709737
1954.6685587625757
1953.790011363798
1953.2150438227773
1952.6997205495152
1952.0395831851165
1951.3799279041468
1950.7207546028005
1950.0620631887384
1949.4038535631516
1948.7461256210017
1948.0636101640155
1947.4321143618945
1946.7758308407626
1946.120028583104
1945.4647074742927
1944.809867406571
1944.0800362435111
1943.4764903975722
1942.8231112724477
1942.170212734707
1941.517794666851
1940.865856944572
1940.2143994563528
1939.5634220740424
1938.9129246788211
1938.2629071561312
1937.6133693674064
1936.939356998846
1936.3157325236568
1935.667633207691
1935.0200131227018
1934.3728721341836
1933.7262101203698
1933.0800269455224
1932.4343224700006
1931.7890965693027
1931.1443490952956
1930.5000799228114
1929.8315372663237
1929.1635100914596
1928.520711722104
1927.8536959795977
1927.2859036031919
1926.6445012440572
1926.003576198615
1925.3631283067486
1924.7231574224522
1924.0836633988938
1923.4200780183903
1922.7324582164078
1922.1435095723825
1921.505939791729
1920.8688461115562
1920.2322283751955
1919.596086411655
1918.9604200845727
1918.2614715620437
1917.4719038521914
1916.268173206696
1914.6862444434055
1910.8534107690016
1908.1871311675795
1902.6313680346805
1891.7225020490216
1871.5655373245556
1852.5146136338772
1830.3848986288547
1805.512212152113
1768.6311026145495