0.52
1.06
1.58
2.1
2.62
3.14
3.66
4.18
4.7
5.22
5.74
6.26
6.78
7.3
7.82
8.34
8.86
9.38
9.9
10.42
10.94
11.46
11.98
12.5
13.02
13.56
14.08
14.6
15.12
15.64
16.16
16.68
17.2
17.72
18.24
18.76
19.28
19.82
20.34
20.86
21.38
21.92
22.44
22.96
23.48
24.0
24.54
25.06
25.58
26.1
26.62
27.14
27.66
28.18
28.7
29.22
29.74
30.26
30.78
31.3
31.82
32.34
32.86
33.38
33.9
34.42
34.94
35.46
35.98
36.5
37.02
37.54
38.06
38.58
39.1
39.62
40.14
40.66
41.18
41.7
42.22
42.74
43.26
43.78
44.3
44.82
45.34
45.86
46.38
46.9
47.42
47.94
48.46
48.98
49.5
50.02
50.54
51.06
51.58
52.1
52.62
53.14
53.66
54.18
54.7
55.22
55.74
56.26
56.78
57.3
57.82
58.34
58.86
59.38
59.9
60.42
60.94
61.46
61.98
62.5
63.02
63.54
64.06
64.58
65.1
65.62
66.14
66.66
67.18
67.7
68.22
68.74
69.26
69.78
70.3
70.82
71.34
71.86
72.38
72.9
73.42
73.94
74.46
74.98
75.5
76.02
76.54
77.06
77.58
78.1
78.62
79.14
79.66
80.18
80.7
81.22
81.74
82.26
82.78
83.3
83.82
84.34
84.86
85.38
85.9
86.42
86.94
87.46
87.98
88.5
89.02
89.54
90.06
90.58
91.1
91.62
92.14
92.66
93.18
93.7
94.22
94.74
95.26
95.78
96.32
96.86
97.38
97.9
98.42
98.94
99.46
99.98
100.5
101.02
101.54
102.06
102.58
103.1
103.62
104.14
104.66
105.18
105.7
106.22
106.74
107.26
107.78
108.3
108.82
109.34
109.86
110.38
110.9
111.42
111.94
112.46
112.98
113.5
114.02
114.54
115.06
115.58
116.1
116.62
117.14
117.66
118.18
118.7
119.22
119.74
120.26
120.78
121.3
121.82
122.34
122.86
123.38
123.9
124.42
124.94
125.46
125.98
126.5
127.02
127.54
128.06
128.58
129.1
129.62
130.14
130.66
131.18
131.7
132.22
132.74
133.26
133.78
134.3
134.82
135.36
135.9
136.42
136.94
137.46
137.98
138.5
139.02
139.54
140.06
140.58
141.1
141.62
142.14
142.66
143.18
143.7
144.22
144.74
145.26
145.78
146.3
146.82
147.34
147.86
148.38
148.9
149.42
149.94
150.46
150.98
151.5
152.02
152.54
153.06
153.58
154.1
154.62
155.14
155.66
156.18
156.7
157.22
157.74
158.26
158.78
159.3
159.82
160.34
160.86
161.38
161.9
162.42
162.94
163.46
163.98
164.5
165.02
165.54
166.06
166.58
167.1
167.62
168.14
168.66
169.18
169.7
170.22
170.74
171.26
171.78
172.3
172.82
173.34
173.86
174.38
174.9
175.42
175.94
176.46
176.98
177.5
178.02
178.54
179.06
179.58
180.1
180.62
181.14
181.66
182.18
182.7
183.22
183.74
184.26
184.78
185.3
185.82
186.34
186.86
187.38
187.9
188.42
188.94
189.46
189.98
190.5
191.02
191.54
192.06
192.58
193.1
193.62
194.14
194.66
195.18
195.7
196.22
196.74
197.26
197.78
198.3
198.82
199.34
199.86
200.38
200.9
201.42
201.94
202.46
202.98
203.5
204.02
204.54
205.06
205.58
206.1
206.62
207.14
207.66
208.18
208.7
209.22
209.74
210.26
210.78
211.3
211.82
212.34
212.86
213.38
213.9
214.42
214.94
215.46
215.98
216.5
217.02
217.54
218.06
218.58
219.1
219.62
220.14
220.66
221.18
221.7
222.22
222.74
223.26
223.78
224.3
224.82
225.34
225.86
226.38
226.9
227.42
227.94
228.46
228.98
229.5
230.02
230.54
231.06
231.58
232.1
232.62
233.14
233.66
234.18
234.7
235.22
235.74
236.26
236.78
237.3
237.82
238.34
238.86
239.38
239.9
240.42
240.94
241.46
241.98
242.5
243.02
243.54
244.06
244.58
245.1
245.62
246.14
246.66
247.18
247.7
248.21
248.73
249.25
249.8
250.33
250.91
251.51
252.11
252.71
253.31
253.91
254.51
255.11
255.71
256.31
256.91
257.51
258.11
258.71
259.31
259.91
260.51
261.11
261.71
262.31
262.91
263.51
264.11
264.71
265.31
265.91
266.51
267.11
267.71
268.31
268.91
269.51
270.11
270.71
271.31
271.91
272.51
273.11
273.71
274.31
274.91
275.51
276.11
276.71
277.31
277.91
278.51
279.11
279.71
280.31
280.91
281.51
282.11
282.71
283.31
283.91
284.51
285.11
285.71
286.31
286.91
287.51
288.11
288.71
289.31
289.91
290.51
291.11
291.71
292.31
292.91
293.51
294.11
294.71
295.31
295.91
296.51
297.11
297.71
298.31
298.91
299.51
300.11
300.71
301.31
301.91
302.51
303.11
303.71
304.31
304.91
305.51
306.11
306.71
307.31
307.91
308.51
309.11
309.71
310.31
310.91
311.51
312.11
312.71
313.31
313.91
314.51
315.11
315.71
316.31
316.91
317.51
318.11
318.71
319.31
319.91
320.51
321.11
321.71
322.31
322.91
323.51
324.11
324.71
325.31
325.91
326.51
327.11
327.71
328.31
328.91
329.51
330.11
330.71
331.31
331.91
332.51
333.11
333.71
334.31
334.91
335.51
336.11
336.71
337.31
337.91
338.51
339.11
339.71
340.31
340.91
341.51
342.11
342.71
343.31
343.91
344.51
345.11
345.71
346.31
346.91
347.51
348.11
348.71
349.31
349.91
350.51
351.11
351.71
352.31
352.91
353.51
354.11
354.71
355.31
355.91
356.51
357.11
357.71
358.31
358.91
359.51
360.11
360.71
361.31
361.91
362.51
363.11
363.71
364.31
364.91
365.51
366.11
366.71
367.31
367.91
368.51
369.11
369.71
370.31
370.91
371.51
372.11
372.71
373.31
373.91
374.51
375.11
375.71
376.31
376.91
377.51
378.11
378.71
379.31
379.91
380.51
381.11
381.71
382.31
382.91
383.51
384.11
384.71
385.31
385.91
386.51
387.11
387.71
388.31
388.91
389.51
390.11
390.71
391.31
391.91
392.51
393.11
393.71
394.31
394.91
395.51
396.11
396.71
397.31
397.91
398.51
399.11
399.71
400.31
400.91
401.51
402.11
402.71
403.31
403.91
404.51
405.11
405.71
406.31
406.91
407.51
408.11
408.71
409.31
409.91
410.51
411.11
411.71
412.31
412.91
413.51
414.11
414.71
415.31
415.91
416.51
417.11
417.71
418.31
418.91
419.51
420.11
420.71
421.31
421.91
422.51
423.11
423.71
424.31
424.91
425.51
426.11
426.71
427.31
427.91
428.51
429.11
429.71
430.31
430.91
431.51
432.11
432.71
433.31
433.91
434.51
435.11
435.71
436.31
436.91
437.51
438.11
438.71
439.31
439.91
440.51
441.11
441.71
442.31
442.91
443.51
444.11
444.71
445.31
445.91
446.51
447.11
447.71
448.31
448.91
449.51
450.11
450.71
451.31
451.91
452.51
453.11
453.71
454.31
454.91
455.51
456.11
456.71
457.31
457.91
458.51
459.11
459.71
460.31
460.91
461.51
462.11
462.71
463.31
463.91
464.51
465.11
465.71
466.31
466.91
467.51
468.11
468.71
469.31
469.91
470.51
471.11
471.71
472.31
472.91
473.51
474.11
474.71
475.31
475.91
476.51
477.11
477.71
478.31
478.91
479.51
480.11
480.71
481.31
481.91
482.51
483.11
483.71
484.31
484.91
485.51
486.11
486.71
487.31
487.91
488.51
489.11
489.71
490.31
490.91
491.51
492.11
492.71
493.31
493.91
494.51
495.11
495.71
496.31
496.91
497.51
498.11
498.71
499.31
499.91
500.51
501.11
501.71
502.31
502.91
503.51
504.11
504.71
505.31
505.91
506.51
507.11
507.71
508.31
508.91
509.51
510.11
510.71
511.31
511.91
512.51
513.11
513.71
514.31
514.91
515.51
516.11
516.71
517.31
517.91
518.51
519.11
519.71
520.31
520.91
521.51
522.11
522.71
523.31
523.91
524.51
525.11
525.71
526.31
526.91
527.51
528.11
528.71
529.31
529.91
530.51
531.11
531.71
532.31
532.91
533.51
534.11
534.71
535.31
535.91
536.51
537.11
537.71
538.31
538.91
539.51
540.11
540.71
541.31
541.91
542.51
543.11
543.71
544.31
544.91
545.51
546.11
546.71
547.31
547.91
548.51
549.11
549.71
550.31
550.91
551.51
552.11
552.71
553.31
553.91
554.51
555.11
555.71
556.31
556.91
557.51
558.11
558.71
559.31
559.91
560.51
561.11
561.71
562.31
562.91
563.51
564.11
564.71
565.31
565.91
566.51
567.11
567.71
568.31
568.91
569.51
570.11
570.71
571.31
571.91
572.51
573.11
573.71
574.31
574.91
575.51
576.11
576.71
577.31
577.91
578.51
579.11
579.71
580.31
580.91
581.51
582.11
582.71
583.31
583.91
584.51
585.11
585.71
586.31
586.91
587.51
588.11
588.71
589.31
589.91
590.51
591.11
591.71
592.31
592.91
593.51
594.11
594.71
595.31
595.91
596.51
597.11
597.71
598.31
598.91
599.51
600.11
600.71
601.31
601.91
602.51
603.11
603.71
604.31
604.91
605.51
606.11
606.71
607.31
607.91
608.51
609.11
609.71
610.31
610.91
611.51
612.11
612.71
613.31
613.91
614.51
615.11
615.71
616.31
616.91
617.51
618.11
618.71
619.31
619.91
620.51
621.11
621.71
622.31
622.91
623.51
624.11
624.71
625.31
625.91
626.51
627.11
627.71
628.31
628.91
629.51
630.11
630.71
631.31
631.91
632.51
633.11
633.71
634.31
634.91
635.51
636.11
636.71
637.31
637.91
638.51
639.11
639.71
640.31
640.91
641.51
642.11
642.71
643.31
643.91
644.51
645.11
645.71
646.31
646.91
647.51
648.11
648.71
649.31
649.91
650.51
651.11
651.71
652.31
652.91
653.51
654.11
654.71
655.31
655.91
656.51
657.11
657.71
658.31
658.91
659.51
660.11
660.71
661.31
661.91
662.51
663.11
663.71
664.31
664.91
665.51
666.11
666.71
667.31
667.91
668.51
669.11
669.71
670.31
670.91
671.51
672.11
672.69
673.21
673.74
674.25
674.79
675.3
675.8
676.32
676.84
677.38
677.92
678.46
679.0
679.54
680.08
680.62
681.16
681.7
682.24
682.78
683.32
683.86
684.4
684.94
685.48
686.02
686.56
687.1
687.64
688.18
688.72
689.26
689.8
690.34
690.88
691.42
691.96
692.5
693.04
693.58
694.12
694.66
695.2
695.74
696.28
696.82
697.36
697.9
698.44
698.98
699.52
700.06
700.6
701.14
701.68
702.22
702.76
703.3
703.84
704.38
704.92
705.46
706.0
706.54
707.08
707.62
708.16
708.7
709.24
709.78
710.32
710.86
711.4
711.94
712.48
713.02
713.56
714.1
714.64
715.18
715.72
716.26
716.8
717.34
717.88
718.42
718.96
719.5
720.04
720.58
721.12
721.66
722.2
722.74
723.28
723.82
724.36
724.9
725.44
725.98
726.52
727.06
727.6
728.14
728.68
729.22
729.76
730.3
730.84
731.38
731.92
732.46
733.0
733.55
734.07
734.59
735.11
735.63
736.15
736.67
737.19
737.71
738.23
738.75
739.27
739.79
740.31
740.83
741.35
741.87
742.39
742.91
743.43
743.95
744.47
744.99
745.51
746.03
746.55
747.07
747.59
748.11
748.63
749.15
749.67
750.19
750.71
751.23
751.75
752.27
752.79
753.31
753.83
754.35
754.87
755.39
755.91
756.43
756.95
757.47
757.99
758.51
759.03
759.55
760.07
760.59
761.11
761.63
762.15
762.67
763.19
763.71
764.23
764.75
765.27
765.79
766.31
766.83
767.35
767.87
768.39
768.91
769.43
769.95
770.52
771.04
771.55
772.07
772.59
773.11
773.63
774.15
774.67
775.19
775.71
776.23
776.75
777.27
777.79
778.31
778.85
779.39
779.93
780.45
780.99
781.51
782.03
782.55
783.07
783.59
784.11
784.63
785.15
785.67
786.19
786.71
787.23
787.75
788.27
788.79
789.31
789.83
790.35
790.87
791.39
791.91
792.43
792.95
793.47
793.99
794.51
795.03
795.55
796.07
796.59
797.11
797.63
798.15
798.67
799.19
799.71
800.23
800.75
801.27
801.79
802.31
802.83
803.35
803.87
804.39
804.91
805.43
805.95
806.52
807.27
807.97
808.81
809.81
810.36
810.96
811.59
812.26
812.97
813.71
814.49
815.32
816.18
817.07
818.01
818.98
820.0
821.05
822.13
823.26
824.42
825.62
826.86
828.14
829.45
830.81
832.2
833.63
835.1
836.6
838.15
839.73
841.35
843.0
844.7
846.43
848.21
850.02
851.86
853.75
855.67
857.63
859.63
861.63
863.63
865.63
867.63
869.63
871.63
873.63
875.63
877.63
879.63
881.63
883.63
885.63
887.63
889.63
891.63
893.63
895.63
897.63
899.63
901.63
903.63
905.63
907.63
909.63
911.63
913.63
915.63
917.63
919.63
921.63
923.63
925.63
927.63
929.63
931.63
933.63
935.63
937.63
939.63
941.63
943.63
945.63
947.63
949.63
951.63
953.63
955.63
957.63
959.63
961.63
963.63
965.63
967.63
969.63
971.63
973.63
975.63
979.63
981.63
985.63
987.63
993.63
995.63
999.63
1003.63
1009.63
1017.63
1025.63
1033.63
1043.63
1051.63
1057.63
1065.63
1073.63
1081.63
1089.63
1095.63
1103.63
1111.63
1119.63
1129.63
1135.63
1143.63
1151.63
1159.63
1167.63
1175.63
1183.63
1191.63
1199.63
1205.63
1213.63
1221.63
1229.63
1237.63
1243.63
1251.63
1257.63
1267.63
1273.63
1277.15
1282.67
1287.84
1294.17
1299.87
1304.94
1308.33
1311.36
1314.84
1317.04
1318.88
1320.78
1321.79
1322.69
1323.2
1323.72
1324.24
1324.76
1325.28
1325.8
1326.32
1326.84
1327.36
1327.88
1328.4
1328.92
1329.44
1329.96
1330.48
1331.0
1331.52
1332.04
1332.56
1333.08
1333.6
1334.12
1334.64
1335.16
1335.68
1336.2
1336.72
1337.24
1337.76
1338.28
1338.8
1339.32
1339.84
1340.36
1340.88
1341.4
1341.92
1342.44
1342.96
1343.48
1344.0
1344.52
1345.04
1345.56
1346.08
1346.6
1347.12
1347.64
1348.16
1348.68
1349.19
1349.7
1350.22
1350.76
1351.29
1351.87
1352.47
1353.07
1353.67
1354.27
1354.87
1355.47
1356.07
1356.67
1357.27
1357.87
1358.47
1359.07
1359.67
1360.27
1360.87
1361.47
1362.07
1362.67
1363.27
1363.87
1364.47
1365.07
1365.67
1366.27
1366.87
1367.47
1368.07
1368.67
1369.27
1369.87
1370.47
1371.07
1371.67
1372.27
1372.87
1373.47
1374.07
1374.67
1375.27
1375.87
1376.47
1377.07
1377.67
1378.27
1378.87
1379.47
1380.07
1380.67
1381.27
1381.87
1382.47
1383.07
1383.67
1384.27
1384.87
1385.47
1386.07
1386.67
1387.27
1387.87
1388.47
1389.07
1389.67
1390.27
1390.87
1391.47
1392.07
1392.67
1393.27
1393.87
1394.47
1395.07
1395.67
1396.27
1396.85
1397.37
1397.9
1398.42
1398.96
1399.46
1399.98
1400.5
1401.02
1401.54
1402.06
1402.58
1403.1
1403.62
1404.14
1404.66
1405.18
1405.7
1406.22
1406.74
1407.26
1407.78
1408.3
1408.82
1409.34
1409.86
1410.38
1410.9
1411.42
1411.94
1412.46
1412.98
1413.5
1414.02
1414.54
1415.06
1415.58
1416.1
1416.62
1417.14
1417.66
1418.18
1418.7
1419.22
1419.74
1420.26
1420.78
1421.3
1421.82
1422.34
1422.86
1423.38
1423.9
1424.42
1424.94
1425.46
1425.98
1426.5
1427.02
1427.54
1428.06
1428.58
1429.1
1429.62
1430.14
1430.66
1431.18
1431.7
1432.22
1432.74
1433.26
1433.78
1434.3
1434.82
1435.34
1435.86
1436.38
1436.9
1437.42
1437.94
1438.46
1438.98
1439.5
1440.02
1440.54
1441.06
1441.58
1442.1
1442.62
1443.14
1443.66
1444.18
1444.7
1445.22
1445.75
1446.27
1446.77
1447.29
1447.8
1448.37
1448.97
1449.57
1450.17
1450.77
1451.37
1451.97
1452.57
1453.17
1453.77
1454.37
1454.97
1455.57
1456.1
1456.68
1457.31
1457.84
1458.41
1459.02
1459.65
1460.32
1460.84
1461.38
1461.93
1462.51
1463.1
1463.7
1464.3
1464.9
1465.5
1466.1
1466.7
1467.3
1467.9
1468.5
1469.1
1469.7
1470.3
1470.9
1471.5
1472.1
1472.7
1473.3
1473.9
1474.5
1475.1
1475.7
1476.3
1476.9
1477.5
1478.1
1478.7
1479.3
1479.9
1480.5
1481.1
1481.7
1482.3
1482.9
1483.5
1484.1
1484.7
1485.3
1485.9
1486.5
1487.1
1487.7
1488.3
1488.9
1489.5
1490.1
1490.7
1491.3
1491.9
1492.5
1493.1
1493.7
1494.3
1494.9
1495.5
1496.1
1496.7
1497.3
1497.9
1498.5
1499.1
1499.7
1500.3
1500.9
1501.5
1502.1
1502.7
1503.3
1503.9
1504.5
1505.1
1505.7
1506.3
1506.9
1507.5
1508.1
1508.7
1509.3
1509.9
1510.5
1511.1
1511.7
1512.3
1512.9
1513.5
1514.1
1514.7
1515.3
1515.9
1516.5
1517.1
1517.7
1518.3
1518.9
1519.5
1520.1
1520.7
1521.3
1521.9
1522.5
1523.1
1523.7
1524.3
1524.9
1525.5
1526.1
1526.7
1527.3
1527.9
1528.5
1529.1
1529.7
1530.3
1530.9
1531.5
1532.1
1532.7
1533.3
1533.9
1534.5
1535.1
1535.7
1536.3
1536.9
1537.5
1538.1
1538.7
1539.3
1539.9
1540.5
1541.1
1541.7
1542.3
1542.9
1543.5
1544.1
1544.7
1545.3
1545.9
1546.5
1547.1
1547.7
1548.3
1548.9
1549.5
1550.1
1550.7
1551.3
1551.9
1552.5
1553.1
1553.7
1554.3
1554.9
1555.5
1556.1
1556.7
1557.3
1557.9
1558.5
1559.1
1559.7
1560.3
1560.9
1561.5
1562.1
1562.7
1563.3
1563.9
1564.5
1565.1
1565.7
1566.3
1566.9
1567.5
1568.1
1568.7
1569.3
1569.9
1570.5
1571.1
1571.7
1572.3
1572.9
1573.5
1574.1
1574.7
1575.3
1575.9
1576.5
1577.1
1577.7
1578.3
1578.9
1579.5
1580.1
1580.7
1581.3
1581.9
1582.5
1583.1
1583.7
1584.3
1584.9
1585.5
1586.1
1586.7
1587.3
1587.9
1588.5
1589.1
1589.7
1590.3
1590.9
1591.5
1592.1
1592.7
1593.3
1593.9
1594.5
1595.1
1595.7
1596.3
1596.9
1597.5
1598.1
1598.7
1599.3
1599.9
1600.5
1601.1
1601.7
1602.3
1602.9
1603.5
1604.1
1604.7
1605.3
1605.9
1606.5
1607.1
1607.7
1608.3
1608.9
1609.5
1610.1
1610.7
1611.3
1611.9
1612.5
1613.1
1613.7
1614.3
1614.9
1615.5
1616.1
1616.7
1617.3
1617.9
1618.5
1619.1
1619.7
1620.3
1620.9
1621.5
1622.1
1622.7
1623.3
1623.9
1624.5
1625.1
1625.7
1626.3
1626.9
1627.5
1628.1
1628.7
1629.3
1629.9
1630.5
1631.1
1631.7
1632.3
1632.9
1633.5
1634.1
1634.7
1635.3
1635.9
1636.5
1637.1
1637.7
1638.3
1638.9
1639.5
1640.1
1640.7
1641.3
1641.9
1642.5
1643.1
1643.7
1644.3
1644.9
1645.5
1646.1
1646.7
1647.3
1647.9
1648.5
1649.1
1649.7
1650.3
1650.9
1651.5
1652.1
1652.7
1653.3
1653.9
1654.5
1655.1
1655.7
1656.3
1656.9
1657.5
1658.1
1658.7
1659.3
1659.9
1660.5
1661.1
1661.7
1662.3
1662.9
1663.5
1664.1
1664.7
1665.3
1665.9
1666.5
1667.1
1667.7
1668.3
1668.9
1669.5
1670.1
1670.7
1671.3
1671.9
1672.5
1673.1
1673.7
1674.3
1674.9
1675.5
1676.1
1676.7
1677.3
1677.9
1678.5
1679.1
1679.7
1680.3
1680.9
1681.5
1682.1
1682.7
1683.3
1683.9
1684.5
1685.1
1685.7
1686.3
1686.9
1687.5
1688.1
1688.7
1689.3
1689.9
1690.5
1691.1
1691.7
1692.3
1692.9
1693.5
1694.1
1694.7
1695.3
1695.9
1696.5
1697.1
1697.7
1698.3
1698.9
1699.5
1700.1
1700.7
1701.3
1701.9
1702.5
1703.1
1703.7
1704.3
1704.9
1705.5
1706.1
1706.7
1707.3
1707.9
1708.5
1709.1
1709.7
1710.3
1710.9
1711.5
1712.1
1712.7
1713.3
1713.9
1714.5
1715.1
1715.7
1716.3
1716.9
1717.5
1718.1
1718.7
1719.3
1719.9
1720.5
1721.1
1721.7
1722.3
1722.9
1723.5
1724.1
1724.7
1725.3
1725.9
1726.5
1727.1
1727.7
1728.3
1728.9
1729.5
1730.1
1730.7
1731.3
1731.9
1732.5
1733.1
1733.7
1734.3
1734.9
1735.5
1736.1
1736.7
1737.3
1737.9
1738.5
1739.1
1739.7
1740.3
1740.9
1741.5
1742.1
1742.7
1743.3
1743.9
1744.5
1745.1
1745.7
1746.3
1746.9
1747.5
1748.1
1748.7
1749.3
1749.9
1750.5
1751.1
1751.7
1752.3
1752.9
1753.5
1754.1
1754.7
1755.3
1755.9
1756.5
1757.1
1757.7
1758.3
1759.1
1759.9
1760.5
1761.1
1761.7
1762.3
1762.9
1763.5
1764.1
1764.7
1765.3
1765.9
1766.5
1767.1
1767.7
1768.3
1768.9
1769.5
1770.1
1770.7
1771.3
1771.9
1772.5
1773.1
1773.7
1774.3
1774.9
1775.5
1776.1
1776.7
1777.3
1777.9
1778.5
1779.1
1779.7
1780.3
1780.9
1781.5
1782.1
1782.7
1783.3
1783.9
1784.5
1785.1
1785.7
1786.3
1786.9
1787.5
1788.1
1788.7
1789.3
1789.9
1790.5
1791.1
1791.7
1792.3
1792.9
1793.5
1794.1
1794.7
1795.3
1795.9
1796.5
1797.1
1797.7
1798.3
1798.9
1799.5
1800.1
1800.7
1801.3
1801.9
1802.5
1803.1
1803.7
1804.3
1804.9
1805.5
1806.1
1806.7
1807.3
1807.9
1808.5
1809.1
1809.7
1810.3
1810.9
1811.5
1812.1
1812.7
1813.3
1813.9
1814.5
1815.1
1815.7
1816.3
1816.9
1817.5
1818.1
1818.7
1819.3
1819.9
1820.5
1821.1
1821.7
1822.3
1822.9
1823.5
1824.1
1824.7
1825.3
1825.9
1826.5
1827.1
1827.7
1828.3
1828.9
1829.5
1830.1
1830.7
1831.3
1831.9
1832.5
1833.1
1833.7
1834.3
1834.9
1835.5
1836.1
1836.7
1837.3
1837.9
1838.5
1839.1
1839.7
1840.3
1840.9
1841.5
1842.1
1842.7
1843.3
1843.9
1844.5
1845.1
1845.7
1846.3
1846.9
1847.5
1848.1
1848.7
1849.3
1849.9
1850.5
1851.1
1851.7
1852.3
1852.9
1853.5
1854.1
1854.7
1855.3
1855.9
1856.5
1857.1
1857.7
1858.3
1858.9
1859.5
1860.1
1860.7
1861.5
1862.1
1862.9
1863.5
1864.1
1864.7
1865.3
1865.9
1866.5
1867.1
1867.7
1868.3
1868.9
1869.5
1870.1
1870.7
1871.3
1871.9
1872.5
1873.1
1873.7
1874.3
1874.9
1875.5
1876.1
1876.7
1877.3
1877.9
1878.5
1879.1
1879.7
1880.3
1880.9
1881.5
1882.1
1882.7
1883.3
1883.9
1884.5
1885.1
1885.7
1886.3
1886.9
1887.5
1888.1
1888.7
1889.3
1889.9
1890.5
1891.1
1891.7
1892.3
1892.9
1893.5
1894.1
1894.7
1895.3
1895.9
1896.5
1897.1
1897.7
1898.3
1898.9
1899.5
1900.1
1900.7
1901.3
1901.9
1902.5
1903.1
1903.7
1904.3
1904.9
1905.5
1906.1
1906.7
1907.3
1907.9
1908.5
1909.1
1909.7
1910.3
1910.9
1911.5
1912.1
1912.7
1913.3
1913.9
1914.5
1915.1
1915.7
1916.3
1916.9
1917.5
1918.1
1918.7
1919.3
1919.9
1920.5
1921.1
1921.7
1922.3
1922.9
1923.5
1924.1
1924.7
1925.3
1925.9
1926.5
1927.1
1927.7
1928.3
1928.9
1929.5
1930.1
1930.7
1931.3
1931.9
1932.5
1933.1
1933.7
1934.3
1934.9
1935.5
1936.1
1936.7
1937.3
1937.9
1938.5
1939.1
1939.7
1940.3
1940.9
1941.5
1942.1
1942.7
1943.3
1943.9
1944.5
1945.1
1945.7
1946.3
1946.9
1947.5
1948.1
1948.7
1949.3
1949.9
1950.5
1951.1
1951.7
1952.3
1952.9
1953.5
1954.1
1954.7
1955.3
1955.9
1956.5
1957.1
1957.7
1958.3
1958.9
1959.5
1960.1
1960.7
1961.3
1961.9
1962.5
1963.1
1963.7
1964.3
1964.9
1965.5
1966.1
1966.7
1967.3
1967.9
1968.5
1969.1
1969.7
1970.3
1970.9
1971.5
1972.1
1972.7
1973.3
1973.9
1974.5
1975.1
1975.7
1976.3
1976.9
1977.5
1978.1
1978.7
1979.3
1979.9
1980.5
1981.1
1981.7
1982.3
1982.9
1983.5
1984.1
1984.7
1985.3
1985.9
1986.5
1987.1
1987.7
1988.3
1988.9
1989.5
1990.1
1990.7
1991.3
1991.9
1992.5
1993.1
1993.69
1994.26
1994.81
1995.34
1995.85
1996.51
1997.13
1997.73
1998.29
1998.82
1999.44
2000.0
2000.52
2001.12
2001.72
2002.32
2002.92
2003.48
2003.99
2004.51
2005.03
2005.55
2006.07
2006.59
2007.11
2007.63
2008.15
2008.67
2009.19
2009.71
2010.23
2010.77
2011.29
2011.81
2012.33
2012.85
2013.37
2013.89
2014.41
2014.93
2015.45
2015.97
2016.49
2017.01
2017.53
2018.05
2018.57
2019.09
2019.61
2020.13
2020.65
2021.17
2021.69
2022.21
2022.73
2023.25
2023.77
2024.29
2024.81
2025.33
2025.85
2026.37
2026.89
2027.41
2027.95
2028.47
2028.99
2029.51
2030.03
2030.55
2031.07
2031.62
2032.27
2032.98
2033.54
2036.64
2038.81
2042.21
2050.29
2061.62
2081.76
2100.66
2122.78
2148.13