208644.984375
208034.859375
207447.328125
206859.796875
206294.859375
205684.734375
205097.203125
204509.671875
203944.734375
203357.203125
202747.078125
202204.75
201617.21875
201029.6875
200442.140625
199832.015625
199244.484375
198634.359375
198046.828125
197459.296875
196871.765625
196284.234375
195696.703125
195109.171875
194521.640625
193934.109375
193323.984375
192736.4375
192148.90625
191561.390625
190996.453125
190386.328125
189821.390625
189233.84375
188623.734375
188036.203125
187471.25
186861.125
186273.59375
185663.46875
185075.9375
184488.40625
183878.28125
183313.34375
182703.21875
182093.09375
181505.546875
180940.625
180330.5
179742.96875
179178.03125
178567.890625
177980.375
177392.828125
176805.296875
176217.765625
175652.828125
175042.703125
174455.171875
173867.640625
173302.703125
172692.578125
172127.65625
171517.515625
170929.984375
170342.453125
169777.53125
169167.390625
168579.859375
167992.328125
167427.390625
166839.859375
166229.734375
165664.796875
165054.671875
164489.75
163879.609375
163292.078125
162704.546875
162117.015625
161552.078125
160941.953125
160354.421875
159789.484375
159201.953125
158591.828125
158004.296875
157416.765625
156851.828125
156241.703125
155654.171875
155066.640625
154479.109375
153891.578125
153304.046875
152716.515625
152128.984375
151541.453125
150953.921875
150366.390625
149801.453125
149191.328125
148603.796875
148038.859375
147428.734375
146841.203125
146276.265625
145688.734375
145101.203125
144491.078125
143903.546875
143316.015625
142728.484375
142163.546875
141553.421875
140965.890625
140400.953125
139790.828125
139225.890625
138615.765625
138050.828125
137463.296875
136853.171875
136265.625
135678.109375
135090.578125
134503.046875
133915.515625
133350.578125
132763.046875
132152.90625
131565.390625
131000.453125
130390.3203125
129825.3828125
129215.2578125
128627.7265625
128040.1953125
127475.2578125
126865.1328125
126300.1953125
125690.0703125
125125.1328125
124515.0078125
123927.4765625
123362.5390625
122775.0078125
122164.8828125
121599.9453125
120989.8125
120402.2890625
119814.75
119249.8203125
118639.6875
118074.7578125
117464.625
116877.09375
116289.5625
115702.03125
115114.5078125
114526.96875
113939.4375
113351.9140625
112764.3828125
112176.84375
111589.3125
111001.78125
110414.25
109826.71875
109261.7890625
108674.2578125
60092.3671875
59916.45703125
59740.546875
59564.63671875
59388.7265625
59212.8203125
59036.90625
58861.0
58685.08984375
58509.18359375
58333.2734375
58150.59765625
57981.453125
57798.77734375
57616.10546875
57433.42578125
57264.28515625
57088.375
56919.23046875
56736.5546875
56567.4140625
56384.73828125
56208.828125
56032.91796875
55863.77734375
55681.1015625
55505.19140625
55329.28125
55153.375
54977.46484375
54801.5546875
54625.64453125
54449.734375
54273.82421875
54097.91796875
53922.0078125
53746.09765625
53570.19140625
53401.046875
53218.37109375
53049.2265625
52866.55078125
52697.41015625
52514.734375
52338.82421875
52162.9140625
51980.23828125
51811.09375
51635.1875
51459.27734375
51290.1328125
51107.4609375
50938.31640625
50755.640625
50586.49609375
50403.8203125
50234.67578125
50052.00390625
49876.09375
49700.18359375
49524.2734375
49348.3671875
49172.45703125
48996.546875
48820.63671875
48644.73046875
48475.5859375
48292.91015625
48117.0
47941.09375
47765.1796875
47589.2734375
47420.12890625
47237.453125
47054.77734375
46885.6328125
46709.7265625
46533.81640625
46357.90625
46181.99609375
46012.85546875
45830.1796875
45654.26953125
45478.359375
45309.21875
45133.30859375
44950.6328125
44774.72265625
44592.046875
44409.375
44233.46484375
44057.5546875
28501.5234375
28447.6015625
28391.43359375
28333.01953125
28274.603515625
28216.189453125
28157.775390625
28099.359375
28040.9453125
27982.529296875
27924.1171875
27865.701171875
27807.28515625
27748.87109375
27690.45703125
27632.04296875
27573.62890625
27515.2109375
27456.798828125
27398.3828125
27339.96875
27281.5546875
27223.138671875
27164.724609375
27106.310546875
27047.896484375
26989.48046875
26931.06640625
26872.650390625
26814.236328125
26755.822265625
26697.408203125
26638.994140625
26580.578125
26522.162109375
26463.748046875
26405.333984375
26346.919921875
26288.505859375
26230.091796875
26171.67578125
26113.259765625
26054.845703125
25996.431640625
25938.015625
25879.6015625
25821.1875
25762.7734375
25704.357421875
25645.9453125
25587.52734375
25526.865234375
25470.69921875
25412.283203125
25353.869140625
25295.455078125
25237.041015625
25178.626953125
25120.208984375
25061.798828125
25003.380859375
24944.966796875
24886.55078125
24828.13671875
24769.72265625
24709.060546875
24652.892578125
24594.478515625
24536.064453125
24477.6484375
24419.234375
24360.8203125
24302.40625
24243.990234375
24185.576171875
24127.16015625
24068.74609375
24010.33203125
23951.91796875
23893.501953125
23835.087890625
23776.671875
23718.259765625
23657.595703125
23601.4296875
23543.013671875
23484.59765625
23426.185546875
23367.76953125
23309.35546875
23250.94140625
23192.525390625
23134.111328125
23075.697265625
23017.28125
22958.8671875
22900.453125
22842.0390625
22783.623046875
22725.208984375
22666.79296875
22608.37890625
22549.962890625
22491.548828125
22433.134765625
22374.720703125
22316.306640625
22257.890625
22199.474609375
22141.060546875
22082.646484375
22021.984375
21965.818359375
21907.40234375
21848.98828125
21790.572265625
21732.158203125
21673.744140625
21615.330078125
21556.9140625
21498.5
21440.0859375
21381.671875
21321.009765625
21264.841796875
21204.1796875
21148.01171875
21089.59765625
21031.181640625
20972.767578125
20914.353515625
20855.9375
20797.5234375
20739.107421875
20680.693359375
20622.279296875
20563.865234375
20505.451171875
20447.03515625
20388.62109375
20330.205078125
20271.791015625
20213.376953125
20154.9609375
20096.546875
20038.1328125
19979.716796875
19921.302734375
19858.396484375
19804.474609375
19746.05859375
19719.09765625
19719.09765625
19719.09765625
19719.09765625
19719.09765625
19719.09765625
19719.09765625
19719.09765625
19719.09765625
19719.09765625
19132.828125
19132.828125
19132.828125
19132.828125
19132.828125
19132.828125
19132.828125
19132.828125
19132.828125
19132.828125
19132.828125
19132.828125
19132.828125
19132.828125
19132.828125
19132.828125
19132.828125
19132.828125
19132.828125
19132.828125
19132.828125
19132.828125
19132.828125
19132.828125
19132.828125
19132.828125
19132.828125
19132.828125
19132.828125
19132.828125
19132.828125
19132.828125
19132.828125
19132.828125
19132.828125
19132.828125
19132.828125
19132.828125
19132.828125
19132.828125
19132.828125
19132.828125
19132.828125
19132.828125
19132.828125
19132.828125
19132.828125
19132.828125
19132.828125
19132.828125
19132.828125
19132.828125
19132.828125
19132.828125
19132.828125
19132.828125
19132.828125
19132.828125
19132.828125
19132.828125
19132.828125
19132.828125
19132.828125
19132.828125
19132.828125
19132.828125
19132.828125
19132.828125
19132.828125
19132.828125
19132.828125
19132.828125
19132.828125
19132.828125
19132.828125
19132.828125
19132.828125
19132.828125
19132.828125
19132.828125
19132.828125
19132.828125
19132.828125
19132.828125
19132.828125
19132.828125
19132.828125
19132.828125
19132.828125
19132.828125
19132.828125
19132.828125
19132.828125
19132.828125
19132.828125
19132.828125
19132.828125
19132.828125
19132.828125
19132.828125
19132.828125
19132.828125
19132.828125
19132.828125
19132.828125
19132.828125
19132.828125
19132.828125
19132.828125
19132.828125
19132.828125
19132.828125
19132.828125
19132.828125
19132.828125
19132.828125
19132.828125
19132.828125
19132.828125
19132.828125
19132.828125
19132.828125
19132.828125
19132.828125
19132.828125
19132.828125
19132.828125
19132.828125
19132.828125
19132.828125
19132.828125
19132.828125
19132.828125
19132.828125
19132.828125
19132.828125
19132.828125
19132.828125
19132.828125
19132.828125
19132.828125
19132.828125
19132.828125
19132.828125
19132.828125
19132.828125
19132.828125
19132.828125
19132.828125
19132.828125
19132.828125
19132.828125
19132.828125
19132.828125
19132.828125
19132.828125
19132.828125
19132.828125
19132.828125
19132.828125
19132.828125
19132.828125
19132.828125
19132.828125
19132.828125
19132.828125
19132.828125
19132.828125
19132.828125
19132.828125
19132.828125
19132.828125
19132.828125
19132.828125
19132.828125
19132.828125
19132.828125
19132.828125
19132.828125
19132.828125
19132.828125
19132.828125
19132.828125
19132.828125
19132.828125
19132.828125
19132.828125
19132.828125
19132.828125
19132.828125
19132.828125
19132.828125
19132.828125
19132.828125
19132.828125
19132.828125
19132.828125
19132.828125
19132.828125
19132.828125
19132.828125
19132.828125
19132.828125
19132.828125
19132.828125
19132.828125
19132.828125
19132.828125
19132.828125
19132.828125
19132.828125
19132.828125
19132.828125
19132.828125
19132.828125
19132.828125
19132.828125
19132.828125
19132.828125
19132.828125
19132.828125
19132.828125
19132.828125
19132.828125
19132.828125
19132.828125
19132.828125
19132.828125
19132.828125
19132.828125
19132.828125
19132.828125
19132.828125
19132.828125
19132.828125
19132.828125
19132.828125
19132.828125
19132.828125
19132.828125
19132.828125
19132.828125
19132.828125
19132.828125
19132.828125
19132.828125
19132.828125
19132.828125
19132.828125
19132.828125
19132.828125
19132.828125
19132.828125
19132.828125
19132.828125
19132.828125
19132.828125
19132.828125
19132.828125
19132.828125
19132.828125
19132.828125
19132.828125
19132.828125
19132.828125
19132.828125
19132.828125
19132.828125
19132.828125
19132.828125
19132.828125
19132.828125
19132.828125
19132.828125
19132.828125
19132.828125
19132.828125
19132.828125
19132.828125
19132.828125
19132.828125
19132.828125
19132.828125
19132.828125
19132.828125
19132.828125
19132.828125
19132.828125
19132.828125
19132.828125
19132.828125
19132.828125
19132.828125
19132.828125
19132.828125
19132.828125
19132.828125
19132.828125
19132.828125
19132.828125
19132.828125
19132.828125
19132.828125
19132.828125
19132.828125
19132.828125
19132.828125
19132.828125
19132.828125
19132.828125
19132.828125
19132.828125
19132.828125
19132.828125
19132.828125
19132.828125
19132.828125
19132.828125
19132.828125
19132.828125
19132.828125
19132.828125
19132.828125
19132.828125
19132.828125
19132.828125
19132.828125
19132.828125
19132.828125
19132.828125
19132.828125
19132.828125
19132.828125
19132.828125
19132.828125
19132.828125
19132.828125
19132.828125
19132.828125
19132.828125
19132.828125
19132.828125
19132.828125
19132.828125
19132.828125
19132.828125
19132.828125
19132.828125
19132.828125
19132.828125
19132.828125
19132.828125
19132.828125
19132.828125
19132.828125
19132.828125
19132.828125
19132.828125
19132.828125
19132.828125
19132.828125
19132.828125
19132.828125
19132.828125
19132.828125
19132.828125
19132.828125
19132.828125
19132.828125
19132.828125
19132.828125
19132.828125
19132.828125
19132.828125
19132.828125
19132.828125
19132.828125
19132.828125
19132.828125
19132.828125
19132.828125
19132.828125
19132.828125
19132.828125
19132.828125
19132.828125
19132.828125
19132.828125
19132.828125
19132.828125
19132.828125
19132.828125
19132.828125
19132.828125
19132.828125
19132.828125
19132.828125
19132.828125
19132.828125
19132.828125
19132.828125
19132.828125
19132.828125
19132.828125
19132.828125
19132.828125
19132.828125
19132.828125
19132.828125
19132.828125
19132.828125
19132.828125
19132.828125
19132.828125
19132.828125
19132.828125
19132.828125
19132.828125
19132.828125
19132.828125
19132.828125
19132.828125
19132.828125
19132.828125
19132.828125
19132.828125
19132.828125
19132.828125
19132.828125
19132.828125
19132.828125
19132.828125
19132.828125
19132.828125
19132.828125
19132.828125
19132.828125
19132.828125
19132.828125
19132.828125
19132.828125
19132.828125
19132.828125
19132.828125
19132.828125
19132.828125
19132.828125
19132.828125
19132.828125
19132.828125
19132.828125
19132.828125
19132.828125
19132.828125
19132.828125
19132.828125
19132.828125
19132.828125
19132.828125
19132.828125
19132.828125
19132.828125
19132.828125
19132.828125
19132.828125
19132.828125
19132.828125
19132.828125
19132.828125
19132.828125
19132.828125
19132.828125
19132.828125
19132.828125
19132.828125
19132.828125
19132.828125
19132.828125
19132.828125
19132.828125
19132.828125
19132.828125
19132.828125
19132.828125
19132.828125
19132.828125
19132.828125
19132.828125
19132.828125
19132.828125
19132.828125
19132.828125
19132.828125
19132.828125
19132.828125
19132.828125
19132.828125
19132.828125
19132.828125
19132.828125
19132.828125
19132.828125
19132.828125
19132.828125
19132.828125
19132.828125
19132.828125
19132.828125
19132.828125
19132.828125
19132.828125
19132.828125
19132.828125
19132.828125
19132.828125
19132.828125
19132.828125
19132.828125
19132.828125
19132.828125
19132.828125
19132.828125
19132.828125
19132.828125
19132.828125
19132.828125
19132.828125
19132.828125
19132.828125
19132.828125
19132.828125
19132.828125
19132.828125
19132.828125
19132.828125
19132.828125
19132.828125
19132.828125
19132.828125
19132.828125
19132.828125
19132.828125
19132.828125
19132.828125
19132.828125
19132.828125
19132.828125
19132.828125
19132.828125
19132.828125
19132.828125
19132.828125
19132.828125
19132.828125
19132.828125
19132.828125
19132.828125
19132.828125
19132.828125
19132.828125
19132.828125
19132.828125
19132.828125
19132.828125
19132.828125
19132.828125
19132.828125
19132.828125
19132.828125
19132.828125
19132.828125
19132.828125
19132.828125
19132.828125
19132.828125
19132.828125
19132.828125
19132.828125
19132.828125
19132.828125
19132.828125
19132.828125
19132.828125
19132.828125
19132.828125
19132.828125
19132.828125
19132.828125
19132.828125
19132.828125
19132.828125
19132.828125
19132.828125
19132.828125
19132.828125
19132.828125
19132.828125
19132.828125
19132.828125
19132.828125
19132.828125
19132.828125
19132.828125
19132.828125
19132.828125
19132.828125
19132.828125
19132.828125
19132.828125
19132.828125
19132.828125
19132.828125
19132.828125
19132.828125
19132.828125
19132.828125
19132.828125
19132.828125
19132.828125
19132.828125
19132.828125
19132.828125
19132.828125
19132.828125
19132.828125
19132.828125
19132.828125
19132.828125
19132.828125
19132.828125
19132.828125
19132.828125
19132.828125
19132.828125
19132.828125
19132.828125
19132.828125
19132.828125
19132.828125
19132.828125
19132.828125
19132.828125
19132.828125
19132.828125
19132.828125
19132.828125
19132.828125
19132.828125
19132.828125
19132.828125
19132.828125
19132.828125
19132.828125
19132.828125
19132.828125
19132.828125
19132.828125
19132.828125
19132.828125
19132.828125
19132.828125
19132.828125
19132.828125
19132.828125
19132.828125
19132.828125
19132.828125
19132.828125
19132.828125
19132.828125
19132.828125
19132.828125
19132.828125
19132.828125
19132.828125
19132.828125
19132.828125
19132.828125
19132.828125
19132.828125
19132.828125
19132.828125
19132.828125
19132.828125
19132.828125
19132.828125
19132.828125
19132.828125
19132.828125
19132.828125
19132.828125
19132.828125
19132.828125
19132.828125
19132.828125
19132.828125
19132.828125
19132.828125
19132.828125
19132.828125
19132.828125
19132.828125
19132.828125
19132.828125
19132.828125
19132.828125
19132.828125
19132.828125
19132.828125
19132.828125
19132.828125
19132.828125
19132.828125
19132.828125
19132.828125
19132.828125
19132.828125
19132.828125
19132.828125
19132.828125
19132.828125
19132.828125
19132.828125
19132.828125
19132.828125
19132.828125
19132.828125
19132.828125
19132.828125
19132.828125
19132.828125
19132.828125
19132.828125
19132.828125
19132.828125
19132.828125
19132.828125
19132.828125
19132.828125
19132.828125
19132.828125
19132.828125
19132.828125
19132.828125
19132.828125
19132.828125
19132.828125
19132.828125
19132.828125
19132.828125
19132.828125
19132.828125
19132.828125
19132.828125
19132.828125
19132.828125
19132.828125
19132.828125
19132.828125
19132.828125
19132.828125
19132.828125
19132.828125
19132.828125
19132.828125
19132.828125
19132.828125
19132.828125
19132.828125
19132.828125
19132.828125
19132.828125
19132.828125
19132.828125
19132.828125
19132.828125
19132.828125
19132.828125
19132.828125
19132.828125
19132.828125
19132.828125
19132.828125
19132.828125
19132.828125
19132.828125
19132.828125
19132.828125
19132.828125
19132.828125
19132.828125
19132.828125
19132.828125
19132.828125
19132.828125
19132.828125
19132.828125
19132.828125
19132.828125
19132.828125
19132.828125
19132.828125
19132.828125
19132.828125
19132.828125
19132.828125
19132.828125
19132.828125
19132.828125
19132.828125
19132.828125
19132.828125
19132.828125
19132.828125
19132.828125
19132.828125
19132.828125
19132.828125
19132.828125
19132.828125
19132.828125
19132.828125
19132.828125
19132.828125
19132.828125
19132.828125
19132.828125
19132.828125
19132.828125
19132.828125
19132.828125
19132.828125
19132.828125
19132.828125
19132.828125
19132.828125
19132.828125
19132.828125
19132.828125
19132.828125
19132.828125
19132.828125
19132.828125
19132.828125
19132.828125
19132.828125
19132.828125
19132.828125
19132.828125
19132.828125
19132.828125
19132.828125
19132.828125
19132.828125
19132.828125
19132.828125
19132.828125
19132.828125
19132.828125
19132.828125
19132.828125
19132.828125
19132.828125
19132.828125
19132.828125
19132.828125
19132.828125
19132.828125
19132.828125
19132.828125
19132.828125
19132.828125
19132.828125
19132.828125
19132.828125
19132.828125
19132.828125
19132.828125
19132.828125
19132.828125
19132.828125
19132.828125
19132.828125
19132.828125
19132.828125
19132.828125
19132.828125
19132.828125
19132.828125
19132.828125
19132.828125
19132.828125
19132.828125
19132.828125
19132.828125
19132.828125
19132.828125
19132.828125
19132.828125
19132.828125
19132.828125
19132.828125
19132.828125
19132.828125
19132.828125
19132.828125
19112.609375
19083.40234375
19051.947265625
19024.986328125
18995.779296875
18966.572265625
18937.365234375
18908.15625
18878.94921875
18849.7421875
18820.53515625
18791.328125
18762.119140625
18732.912109375
18703.705078125
18674.498046875
18645.291015625
18616.08203125
18586.875
18557.66796875
18526.21484375
18499.25390625
18470.046875
18440.83984375
18411.6328125
18382.42578125
18353.21875
18324.009765625
18294.802734375
18265.595703125
18236.388671875
18231.89453125
18222.908203125
18164.494140625
18106.078125
18047.6640625
17989.25
17930.833984375
17856.58203125
17840.017578125
17840.017578125
17840.017578125
17840.017578125
17840.017578125
17840.017578125
17840.017578125
17840.017578125
17840.017578125
17840.017578125
17840.017578125
17840.017578125
17840.017578125
17840.017578125
17840.017578125
17840.017578125
17840.017578125
17840.017578125
17840.017578125
17840.017578125
17840.017578125
17840.017578125
17840.017578125
17840.017578125
17840.017578125
17840.017578125
17840.017578125
17840.017578125
17840.017578125
17840.017578125
17840.017578125
17840.017578125
17840.017578125
17840.017578125
17840.017578125
17840.017578125
17840.017578125
17840.017578125
17840.017578125
17840.017578125
17840.017578125
17840.017578125
17840.017578125
17840.017578125
17840.017578125
17840.017578125
17840.017578125
17840.017578125
17840.017578125
17840.017578125
17840.017578125
17840.017578125
17840.017578125
17840.017578125
17840.017578125
17840.017578125
17840.017578125
17840.017578125
17840.017578125
17840.017578125
17840.017578125
17840.017578125
17840.017578125
17840.017578125
17840.017578125
17840.017578125
17840.017578125
17840.017578125
17840.017578125
17840.017578125
17840.017578125
17840.017578125
17840.017578125
17840.017578125
17840.017578125
17840.017578125
17840.017578125
17840.017578125
17840.017578125
17840.017578125
17840.017578125
17840.017578125
17840.017578125
17840.017578125
17840.017578125
17840.017578125
17840.017578125
17840.017578125
17840.017578125
17840.017578125
17840.017578125
17840.017578125
17840.017578125
17840.017578125
17840.017578125
17840.017578125
17840.017578125
17840.017578125
17840.017578125
17840.017578125
17840.017578125
17840.017578125
17840.017578125
17840.017578125
17840.017578125
17840.017578125
17840.017578125
17840.017578125
17840.017578125
17840.017578125
17840.017578125
17840.017578125
17840.017578125
17840.017578125
17840.017578125
17840.017578125
17840.017578125
17840.017578125
17840.017578125
17840.017578125
17840.017578125
17840.017578125
17840.017578125
17840.017578125
17840.017578125
17840.017578125
17840.017578125
17840.017578125
17840.017578125
17840.017578125
17840.017578125
17840.017578125
17840.017578125
17840.017578125
17840.017578125
17840.017578125
17840.017578125
17840.017578125
17840.017578125
17840.017578125
17840.017578125
17840.017578125
17840.017578125
17840.017578125
17840.017578125
17840.017578125
17840.017578125
17840.017578125
17840.017578125
17840.017578125
17840.017578125
17840.017578125
17840.017578125
17840.017578125
17840.017578125
17840.017578125
17840.017578125
17840.017578125
17840.017578125
17840.017578125
17840.017578125
17840.017578125
17840.017578125
17840.017578125
17840.017578125
17840.017578125
17840.017578125
17840.017578125
17840.017578125
17840.017578125
17840.017578125
17840.017578125
17840.017578125
17840.017578125
17840.017578125
17840.017578125
17840.017578125
17840.017578125
17840.017578125
17840.017578125
17840.017578125
17840.017578125
17840.017578125
17840.017578125
17840.017578125
17840.017578125
17840.017578125
17840.017578125
17840.017578125
17840.017578125
17840.017578125
17840.017578125
17840.017578125
17840.017578125
17840.017578125
17840.017578125
17840.017578125
17840.017578125
17840.017578125
17840.017578125
17840.017578125
17840.017578125
17840.017578125
17840.017578125
17840.017578125
17840.017578125
17840.017578125
17840.017578125
17840.017578125
17840.017578125
17840.017578125
17840.017578125
17840.017578125
17840.017578125
17840.017578125
17840.017578125
17840.017578125
17840.017578125
17840.017578125
17840.017578125
17840.017578125
17840.017578125
17840.017578125
17840.017578125
17840.017578125
17840.017578125
17840.017578125
17840.017578125
17840.017578125
17840.017578125
17840.017578125
17840.017578125
17840.017578125
17840.017578125
17840.017578125
17840.017578125
17840.017578125
17840.017578125
17840.017578125
17840.017578125
17840.017578125
17840.017578125
17840.017578125
17840.017578125
17840.017578125
17840.017578125
17840.017578125
17840.017578125
17840.017578125
17840.017578125
17840.017578125
17840.017578125
17840.017578125
17840.017578125
17840.017578125
17840.017578125
17840.017578125
17840.017578125
17840.017578125
17840.017578125
17840.017578125
17840.017578125
17840.017578125
17840.017578125
17840.017578125
17840.017578125
17840.017578125
17840.017578125
17840.017578125
17840.017578125
17840.017578125
17840.017578125
17840.017578125
17840.017578125
17840.017578125
17840.017578125
17840.017578125
17840.017578125
17840.017578125
17840.017578125
17840.017578125
17840.017578125
17840.017578125
17840.017578125
17840.017578125
17840.017578125
17840.017578125
17840.017578125
17840.017578125
17840.017578125
17840.017578125
17840.017578125
17840.017578125
17840.017578125
17840.017578125
17840.017578125
17840.017578125
17840.017578125
17840.017578125
17840.017578125
17840.017578125
17840.017578125
17840.017578125
17840.017578125
17840.017578125
17840.017578125
17840.017578125
17840.017578125
17840.017578125
17840.017578125
17840.017578125
17840.017578125
17840.017578125
17840.017578125
17840.017578125
17840.017578125
17840.017578125
17840.017578125
17840.017578125
17840.017578125
17840.017578125
17840.017578125
17840.017578125
17840.017578125
17840.017578125
17840.017578125
17840.017578125
17840.017578125
17840.017578125
17840.017578125
17840.017578125
17840.017578125
17840.017578125
17840.017578125
17840.017578125
17840.017578125
17840.017578125
17840.017578125
17840.017578125
17840.017578125
17840.017578125
17840.017578125
17840.017578125
17840.017578125
17840.017578125
17840.017578125
17840.017578125
17840.017578125
17840.017578125
17840.017578125
17840.017578125
17840.017578125
17840.017578125
17840.017578125
17840.017578125
17840.017578125
17840.017578125
17840.017578125
17840.017578125
17840.017578125
17840.017578125
17840.017578125
17840.017578125
17840.017578125
17840.017578125
17840.017578125
17840.017578125
17840.017578125
17840.017578125
17826.537109375
17768.123046875
17709.70703125
17651.29296875
17592.87890625
17534.462890625
17476.048828125
17417.634765625
17356.97265625
17300.8046875
17242.390625
17183.974609375
17123.314453125
17067.146484375
17008.732421875
16950.31640625
16891.90234375
16831.240234375
16775.072265625
16716.658203125
16658.244140625
16599.828125
16541.4140625
16482.998046875
16424.5859375
16366.169921875
16307.7548828125
16249.3408203125
16190.92578125
16132.5107421875
16074.0966796875
16015.681640625
15957.2666015625
15894.3583984375
15840.4375
15782.0234375
15723.6083984375
15665.193359375
15606.779296875
15548.3642578125
15489.94921875
15431.5341796875
15373.1201171875
15314.705078125
15256.2900390625
15197.8759765625
15139.4609375
15081.046875
15022.6318359375
14964.216796875
14905.802734375
14847.3876953125
14788.97265625
14726.0654296875
14672.1435546875
14613.7294921875
14555.314453125
14496.8994140625
14438.484375
14380.0703125
14321.6552734375
14260.994140625
14204.826171875
14146.4111328125
14087.9970703125
14027.3349609375
13971.16796875
13912.7529296875
13854.337890625
13795.9228515625
13737.5087890625
13679.09375
13620.6796875
13562.2646484375
13503.849609375
13445.435546875
13440.94140625
13440.94140625
13440.94140625
13440.94140625
13440.94140625
13440.94140625
13440.94140625
13440.94140625
13440.94140625
13440.94140625
13440.94140625
13440.94140625
13440.94140625
13440.94140625
13440.94140625
13440.94140625
13440.94140625
13440.94140625
13440.94140625
13440.94140625
13440.94140625
13440.94140625
13440.94140625
13440.94140625
13440.94140625
13440.94140625
13440.94140625
13440.94140625
13440.94140625
13440.94140625
13440.94140625
13440.94140625
13440.94140625
13440.94140625
13440.94140625
13440.94140625
13440.94140625
13440.94140625
13440.94140625
13440.94140625
13440.94140625
13440.94140625
13440.94140625
13440.94140625
13440.94140625
13440.94140625
13440.94140625
13440.94140625
13440.94140625
13440.94140625
13440.94140625
13440.94140625
13440.94140625
13440.94140625
13440.94140625
13440.94140625
13440.94140625
13440.94140625
13440.94140625
13440.94140625
13440.94140625
13440.94140625
13440.94140625
13440.94140625
13440.94140625
13440.94140625
13440.94140625
13440.94140625
13440.94140625
13440.94140625
13440.94140625
13440.94140625
13440.94140625
13440.94140625
13440.94140625
13440.94140625
13440.94140625
13440.94140625
13440.94140625
13440.94140625
13440.94140625
13440.94140625
13440.94140625
13440.94140625
13440.94140625
13440.94140625
13440.94140625
13440.94140625
13440.94140625
13440.94140625
13440.94140625
13440.94140625
13440.94140625
13440.94140625
13440.94140625
13440.94140625
13440.94140625
13440.94140625
13440.94140625
13440.94140625
13440.94140625
13440.94140625
13440.94140625
13440.94140625
13440.94140625
13440.94140625
13440.94140625
13440.94140625
13440.94140625
13440.94140625
13440.94140625
13440.94140625
13440.94140625
13440.94140625
13440.94140625
13440.94140625
13440.94140625
13440.94140625
13440.94140625
13440.94140625
13440.94140625
13440.94140625
13440.94140625
13440.94140625
13440.94140625
13440.94140625
13440.94140625
13440.94140625
13440.94140625
13440.94140625
13440.94140625
13440.94140625
13440.94140625
13440.94140625
13440.94140625
13440.94140625
13440.94140625
13440.94140625
13440.94140625
13440.94140625
13440.94140625
13440.94140625
13440.94140625
13440.94140625
13440.94140625
13440.94140625
13440.94140625
13440.94140625
13440.94140625
13440.94140625
13440.94140625
13440.94140625
13440.94140625
13440.94140625
13440.94140625
13440.94140625
13440.94140625
13440.94140625
13440.94140625
13440.94140625
13440.94140625
13440.94140625
13440.94140625
13440.94140625
13440.94140625
13440.94140625
13440.94140625
13440.94140625
13440.94140625
13440.94140625
13440.94140625
13440.94140625
13440.94140625
13440.94140625
13440.94140625
13440.94140625
13440.94140625
13440.94140625
13440.94140625
13440.94140625
13440.94140625
13440.94140625
13440.94140625
13440.94140625
13440.94140625
13440.94140625
13440.94140625
13440.94140625
13440.94140625
13440.94140625
13440.94140625
13440.94140625
13440.94140625
13440.94140625
13440.94140625
13440.94140625
13440.94140625
13440.94140625
13440.94140625
13440.94140625
13440.94140625
13440.94140625
13440.94140625
13440.94140625
13440.94140625
13440.94140625
13440.94140625
13440.94140625
13440.94140625
13440.94140625
13440.94140625
13440.94140625
13440.94140625
13440.94140625
13440.94140625
13440.94140625
13440.94140625
13440.94140625
13440.94140625
13440.94140625
13440.94140625
13440.94140625
13440.94140625
13440.94140625
13440.94140625
13440.94140625
13440.94140625
13440.94140625
13440.94140625
13440.94140625
13440.94140625
13440.94140625
13440.94140625
13440.94140625
13440.94140625
13440.94140625
13440.94140625
13440.94140625
13440.94140625
13440.94140625
13440.94140625
13440.94140625
13440.94140625
13440.94140625
13440.94140625
13440.94140625
13440.94140625
13440.94140625
13440.94140625
13440.94140625
13440.94140625
13440.94140625
13440.94140625
13440.94140625
13440.94140625
13440.94140625
13440.94140625
13440.94140625
13440.94140625
13440.94140625
13440.94140625
13440.94140625
13440.94140625
13440.94140625
13440.94140625
13440.94140625
13440.94140625
13440.94140625
13440.94140625
13440.94140625
13440.94140625
13440.94140625
13440.94140625
13440.94140625
13440.94140625
13440.94140625
13440.94140625
13440.94140625
13440.94140625
13440.94140625
13440.94140625
13440.94140625
13440.94140625
13440.94140625
13440.94140625
13440.94140625
13440.94140625
13440.94140625
13440.94140625
13440.94140625
13440.94140625
13440.94140625
13440.94140625
13440.94140625
13440.94140625
13440.94140625
13440.94140625
13440.94140625
13440.94140625
13440.94140625
13440.94140625
13440.94140625
13440.94140625
13440.94140625
13440.94140625
13440.94140625
13440.94140625
13440.94140625
13440.94140625
13440.94140625
13440.94140625
13440.94140625
13440.94140625
13440.94140625
13440.94140625
13440.94140625
13440.94140625
13440.94140625
13440.94140625
13440.94140625
13440.94140625
13440.94140625
13440.94140625
13440.94140625
13440.94140625
13440.94140625
13440.94140625
13440.94140625
13440.94140625
13440.94140625
13440.94140625
13440.94140625
13440.94140625
13440.94140625
13440.94140625
13440.94140625
13440.94140625
13440.94140625