12.912522380356677
14.716117892414331
17.678643043735065
21.59116115560755
26.553673704504035
32.57629266520962
39.66906782553997
47.84202144201845
56.72859023977071
67.04928718379233
78.94147153943777
91.0292349361116
104.70799041725695
119.52557985798921
135.4915706536267
152.61552185064647
170.90687368181534
191.14738391758874
211.84734032931738
233.7429827080341
256.84334651904646
281.1575028843945
306.6943842006149
333.46282774885185
361.47163078724407
390.7293734602863
422.44363743287977
454.27387392835226
487.37891470605973
521.76701587555
557.4462930378504
594.4250639318489
631.2143820815254
672.3127104261657
713.2375640823739
755.493518170435
797.3867349642096
844.0294269853039
890.3246412297012
939.8418396022171
988.9208015121985
1039.3763202960836
1093.237792890519
1144.4475912776543
1201.2068329472095
1257.297477562679
1317.0419199940516
1373.7273912311066
1436.432125514606
1498.2789816692239
1559.10910856782
1626.314303800813
1692.519190953346
1760.191811075434
1829.3409412564943
1899.9748900820268
1969.3000926309032
2045.729571296717
2120.8655161616625
2197.5151926586404
2272.6559965891065
2355.4010217433097
2433.497722930275
2519.4436792279594
2603.8306155477185
2689.7181569176028
2778.6283120166045
2871.0794294071384
2961.776643179939
3054.0539970942773
3144.3215927968267
3239.7426271809964
3334.2942481470527
3433.4195012528216
3538.0766038564034
3636.6337899122154
3744.7985378202284
3851.2052114107646
3958.3322512565646
4067.2107915777015
4173.507124976139
4290.0976744192885
4404.1183346597245
4515.432243359159
4632.9168611638015
4756.812678717193
4877.888828069321
5000.800425357302
5120.675086042378
5252.048709947034
5380.434784574434
5510.647572269896
5642.691246089293
5771.461755488999
5912.509248837014
6050.249158449238
6189.888244936243
6331.410015833331
6475.478195050149
6622.856105959741
6765.108132904745
6919.999315664289
7070.913327910937
7217.564161261311
7377.571812974988
7533.161278656451
7684.103598868125
7842.411204284872
8002.016693925252
8162.606713648303
8330.604076760472
8493.588969514472
8657.739040001528
8816.678336825222
8989.549855492194
9157.253440741799
9320.248092395137
9497.888318455662
9670.345821894705
9844.245777927455
10012.851115178899
10189.64632039552
10374.010079451604
10546.339693350834
10734.19629167975
10916.868268369348
11101.482834442402
11288.424413534347
11477.306501213927
11660.802762688836
11861.255430911318
12049.002651012852
12246.13581054972
12453.221433594124
12647.38543653884
12861.616407695808
13070.482930277823
13281.778099198476
13496.03739405959
13713.21773851919
13924.261909515131
14156.789478470106
14375.740303323371
14617.475604661857
14852.562952537904
15080.924969925662
15314.279139112099
15559.941626657615
15790.495691472664
16033.501094406703
16289.406116048223
16539.31961373624
16792.739539787523
17049.72626315523
17300.242423704476
17564.40137676557
17842.69279454148
18114.557852998492
18390.284558775602
18659.09024084243
18953.527420295984
19241.13451186195
19532.775852746912
19828.492899481207
20128.32207951916
20420.52284573717
20740.426088708686
21040.663094318472
21369.32985497848
21677.76317769126
22002.742798133055
22350.53570528666
22681.00083549344
23012.553243015776
23345.276272432413
23679.184398242156
24014.284112074063
24350.585210040095
24688.097577611567
25026.829455389758
25366.78873394162
25694.83635729435
26050.414793575997
26394.091652514762
26739.016545798746
27111.874247853877
27459.401630751556
27808.184916191967
28158.225411258172
28495.988461891422
28862.076538392343
29202.252299156273
29570.940622067894
29927.244939587777
30271.016127868323
30629.748763809446
30989.709978076164
31364.808392482228
31713.287421293207
32090.89445135079
32455.732679510023
32821.754150939756
33174.803578116815
33557.303007104085
33926.806508637965
34297.44420496188
34669.20181430038
35042.064556122874
35401.61468753859
35776.601940927794
36167.131534829154
36544.25704199541
36907.84152733418
37286.95333937369
37681.68710688013
38062.782611597795
38459.53252669179
38827.776721355156
39211.62880990398
39596.35339229414
39981.92747630761
40368.32582520461
40740.61556890968
41128.55514323071
41532.206542033586
41906.6507561194
42311.76989537419
42687.519595335005
43093.98943446728
43486.02084837726
43878.6256291843
44271.77261116984
44665.430157959694
45059.56632789213
45454.14796423237
45849.142063516774
46244.515198939596
46625.007556444965
47021.02529468818
47432.56714925135
47813.85540615651
48225.85821088124
48622.76975144714
49004.53420373029
49416.93042271212
49829.37780452112
50211.28051769978
50608.42797112104
51005.50074089924
51402.45661938877
51799.25381737028
52180.60041135596
52592.20165728929
52988.26567766932
53368.78489951638
53779.35685945116
54159.114119498525
54568.77088814438
54962.73626206478
55371.266300834366
55764.04840638663
56156.17344424338
56562.63441105781
56938.25201556261
57343.317129884614
57716.60545103578
58103.915147984284
58490.15415297728
58875.12367682811
59258.66256047308
59640.69214846613
60021.24848284258
60400.31935178151
60777.81879857334
61153.781531139044
61528.24096970365
61901.204128935
62272.66840646113
62642.63852486748
63011.12253855192
63378.128351700376
63743.66345405218
64107.73533246841
64470.351612275816
64831.520097821834
65191.24872878578
65549.54551536613
65906.41853958706
66261.8759517126
66615.92593781499
66968.57672534848
67319.83655807527
67669.71374802664
68018.21661721391
68365.35349134123
68711.13273246272
69055.56273727166
69398.65192829713
69740.40873210924
70080.84159833973
70419.95899642177
70757.76939235802
71094.28132799943
71429.50333769235
71763.44396847987
72096.11184869905
72427.51562321384
72757.66397625534
73086.56561998185
73414.22928218055
73740.66373360867
74065.87778554577
74389.88027638511
74712.68005405564
75034.28602904652
75354.70713085285
75673.9523365068
75992.03065263876
76308.95109225076
76624.72275310091
76939.35474921344
77252.85622582759
77565.23637174175
77876.50440846581
78186.66959406307
78495.74120370403
78803.72857215884
79110.64108996815
79416.48815126461
79721.27921114699
80025.0237579965
80327.73133161571
80629.41152095783
80930.07391612441
81229.7281504909
81528.38392113603
81826.05098410812
82122.73912817403
82418.45816650381
82713.21795164212
83007.0283917617
83299.8994345736
83591.84108108969
83882.86337377527
84172.97637470264
84462.1902216723
84750.51510084688
85037.96121782775
85324.53885315335
85610.25832987519
85895.12999873306
86179.16425156384
86462.37154840457
86744.76241314004
87026.34741799592
87307.13716221496
87587.14231005183
87866.37356741528
88144.84170653112
88422.55752078746
88699.53186869493
88975.77566727088
89251.29990926047
89526.11561440234
89800.23385928397
90073.66578766925
90346.42255882989
90618.5153998601
90889.95560409804
91160.75454740005
91430.92362760042
91700.47432324139
91969.41814709187
92237.76665857865
92505.53149494156
92772.7243563215
93039.35701977345
93305.44129487337
93570.98905214516
93836.01224737032
94100.5228668286
94364.5329818452
94628.05471690139
94891.10026369046
95153.68189147767
95415.8118994484
95677.50265599042
95938.76661014406
96199.6162687022
96460.06419433269
96720.12304899702
96979.8055182026
97239.12438656087
97498.09248416859
97756.72274025099
98015.02813983383
98273.021709583
98530.71656378102
98788.12590134225
99045.26299711782
99302.14117796591
99558.77385436988
99815.17449297674
100071.35947783256
100327.37971124344
100583.20969369158
100838.8634575305
101094.3549183755
101349.69800855848
101604.9067969966
101859.99541040417
102124.7831547322
102369.86899106775
102624.68257364281
102879.42348235205
103134.0535191173
103388.5665374382
103642.96196674427
103897.23923723341
104151.39778107207
104405.4370312898
104659.35642253608
104913.1553908037
105166.83337583928
105420.38981638511
105673.82352339767
105927.13565145631
106180.32451095653
106433.38954504323
106686.33020351233
106939.1459345289
107191.83618833055
107444.4004175379
107696.83807591198
107949.14861862396
108201.33150316228
108453.38618595432
108705.3121284194
108957.10879195214
109208.7756384816
109460.31213405472
109711.71774327697
109962.99193398724
110214.13417472667
110465.1439361329
110716.02069099015
110966.76391209709
111217.37307422154
111467.84765454347
111718.18713054026
111968.3909817785
112218.4586887625
112468.38973454328
112718.18360195064
112967.83977616834
113217.35774451517
113466.7369950955
113715.97701804189
113965.07730519562
114214.03734741139
114462.85663934064
114711.53467800515
114960.07095786766
115208.46497766988
115456.71623906831
115704.8242427425
115952.78849024395
116200.60848566773
116448.28373425326
116695.81374505244
116943.19802574569
117190.43608457607
117437.52743352181
117684.4715853614
117931.2680534122
118177.91635293455
118429.98706941749
118673.7987333819
118923.32479380828
119181.19609347964
119431.60824914929
119708.08552651806
119991.4147635505
120274.54138956382
120557.46470962605
120840.18398437859
121122.69849758886
121405.00753569009
121687.11038196215
121969.00632575317
122250.6946454593
122532.17464285856
122813.44560270093
123094.5068522516
123375.3576721457
123655.99735439755
123936.42518242414
124216.64053516311
124496.6426524606
124776.43087926134
125056.0045026557
125335.36287020904
125614.50527192233
125893.43105645012
126172.13952041103
126450.63000772079
126728.90181977116
127006.95431342127
127284.78680489562
127562.39863442443
127839.7891431232
128116.95765508898
128393.9035261051
128670.62607317138
128947.12467840489
129223.39864186943
129499.4473761865
129775.27016382024
130050.86641050223
130326.23544465052
130601.37664354302
130876.28935441491
131150.97295354307
131425.42677659285
131699.65020034404
131973.64262889675
132247.40339697653
132520.93187755044
132794.2274526148
133067.28951987997
133340.11743723508
133612.7105790428
133885.06835016957
134157.1901270959
134429.0753037671
134700.72324651596
134972.1333827133
135243.3050977122
135514.23775731144
135784.93078592734
136055.38358941488
136325.5955520554
136595.56608768366
136865.29460345046
137134.78052184382
137404.0232204342
137673.02213987464
137941.77668198477
138210.28626343317
138478.5503099938
138746.56823068752
139014.339464708
139281.8634180997
139549.1395332053
139816.1672403589
140082.94594721938
140349.47510861128
140615.75413505116
140881.782506075
141147.55959743494
141413.08490259887
141678.35785440984
141943.3778901454
142208.14445108967
142472.6569724006
142736.91492039256
143000.91774957685
143264.66490800225
143528.1558698176
143791.39004860807
144054.36694928876
144317.08601000882
144579.54669025494
144841.7484594863
145103.69079717202
145365.37315948505
145626.79501316918
145887.95584023313
146148.85512157495
146409.49230578972
146669.86688193725
146929.9783455364
147189.8261583217
147449.40983014123
147708.72879286925
147967.78259405273
148226.57067972876
148485.09255736833
148743.34772214037
149001.33566303505
149259.05587423034
149516.50785780384
149773.69109170442
150030.6050998508
150287.249384837
150543.62344046764
150799.7267634438
151055.55888255045
151311.11931268196
151566.40753451746
151821.4230832077
152076.16545884253
152330.63419307384
152584.82880506315
152838.74878976005
153092.3937056478
153345.76302230463
153598.85631626786
153851.67308313283
154104.21288102795
154356.47520022397
154608.45959991904
154860.16559241991
155111.59273794421
155362.74055370537
155613.60859494167
155864.19636792957
156114.50344377896
156364.52935521072
156614.27362636966
156863.7358448205
157112.91552309575
157361.81224190583
157610.42551883473
157858.7549062284
158106.79999128613
158354.56030532776
158602.0354193179
158849.22485537396
159096.12820881186
159342.74504757836
159589.07489829336
159835.11736553302
160080.8719713767
160326.33830636565
160571.51595619577
160816.4044705741
161061.00343888777
161305.31239015772
161549.33097340714
161793.0587090822
162036.49516802956
162279.63998434693
162522.49269953673
162765.0528910259
163007.3201502154
163249.29407385027
163490.9742515632
163732.36025973293
163973.45169557666
164214.24814589543
164454.74919638084
164694.9544571638
164934.8635120456
165174.47596610058
165413.79140440084
165652.8094335755
165891.5296807991
166129.95169449586
166368.07514949818
166605.89956553036
166843.42462454108
167080.64991893398
167317.57501526445
167493.0365070816
167749.6993562443
167991.76924384513
168209.6434605422
168462.67547802615
168651.708727272
168852.99838371796
168991.30374240817
169250.47351404524
169525.4614963018
169731.4695518947
169960.88663482363
170179.93447465776
170406.18699870445
170610.0468675018
170797.66662354406
171010.64810802997
171227.9471332369
171408.05721621006
171749.3455895899
171947.35796814947
172177.60358279
172332.3180092892
172630.64428517502
172857.10077991546
173099.48536294885
173274.2184710803
173543.3877659298
173768.43536599725
174001.87610802508
174320.02863479313
174585.56459783413
174805.78035376593
175026.47895380994
175169.27313458046
175394.38952283887
175642.84428313852
175860.29142966715
176067.6622497238
176202.02962879662
176468.32338294585
176763.74109328003
177010.65405211342
177266.83982653567
177511.7532012331
177748.04837656836
177973.36199697782
178126.21128713782
178269.31202890573
178737.59859584132
178994.01918641338
179214.83098141756
179435.32383548352
179655.49738313002
179875.35130796244
180094.8853251543
180314.09908987675
180532.9922904726
180751.5646011684
180969.81573388912
181187.74534781463
181405.3531511894
181622.63881461474
181839.6020531404
182056.2425318457
182272.55995166628
182488.5540091789
182704.22441008908
182919.57082028734
183134.59296440857
183349.2905281959
183563.66320401803
183777.7107047768
183991.43273373705
184204.8289806164
184417.89915370196
184630.642961603
184843.0601035572
185055.150291965
185266.9132244161
185478.34862595994
185689.45619098726
185900.23563557072
186110.68667393667
186320.80902580055
186530.60238305258
186740.06647046725
186949.2010257959
187158.00574497366
187366.48034257418
187574.62454714265
187782.4380715869
187989.92064896924
188197.07199072104
188403.89182793023
188610.37987697579
188816.53586718638
189022.35952002357
189227.85058342724
189433.00874301128
189637.83377225813
189842.32538909605
190046.4832972947
190250.30726743164
190453.7970150616
190656.95227542554
190859.77278259606
191062.25827693113
191264.40849772666
191466.2231635003
191667.70203904202
191868.84484806564
192069.65134006052
192270.12125080696
192470.2543352245
192670.0503204955
192869.50896705897
193068.63000082946
193267.41318696341
193465.85827037483
193663.96498771093
193861.73310934205
194059.16236431536
194256.2525149621
194453.00330823555
194649.41450531187
194845.48585196945
195041.21710837528
195236.60803173482
195431.65837426228
195626.36789285345
195820.7363512715
196014.76350379328
196208.44912104285
196401.7929493473
196594.7947637994
196787.45431162906
196979.77138447168
197171.74571569427
197363.37709505856
197554.66526929464
197745.61002735037
197936.21111331182
198126.46832234645
198316.381403881
198505.95014534285
198695.17430149543
198884.05366033711
199072.58797959285
199260.7770537493
199448.62063994457
199636.11851814017
199823.2704777039
200010.07628408063
200196.535719087
200382.6485592575
200568.41458736768
200753.83357825316
200938.90533275937
201123.6296126945
201308.00621003634
201492.03491174197
201675.71549837745
201859.04776075576
202042.03147059854
202224.6664398571
202406.95244398306
202588.88926252106
202770.47671024315
202951.71455615887
203132.60260411282
203313.14062856452
203493.3284423448
203673.16583600256
203852.6525937973
204031.78852948407
204210.5734186751
204389.00706437952
204567.08927247452
204744.8198479663
204922.19856308808
205099.22524064523
205275.89967268647
205452.22166788287
205628.19102165895
205803.80754291452
205979.07102448423
206153.98127864767
206328.53811164247
206502.74132818147
206676.59073771886
206850.08614551288
207023.22735422093
207196.01419897133
207368.44645136117
207540.52394969715
207712.24648547138
207883.61388549022
208054.6259588229
208225.28252327244
208395.58338127006
208565.5283585781
208735.1172631163
208904.34991891938
209073.2261393402
209241.74573468778
209409.90853827936
209577.71435205836
209745.16299966548
209912.25432687264
210078.98812775547
210245.36422922148
210411.3824572839
210577.0426370434
210742.34458818403
210907.28813681705
211071.8731126209
211236.09932372835
211399.96662724228
211563.47483107098
211726.6237553598
211889.4132530582
212051.84313668986
212213.91323844134
212375.62338663265
212536.97342330148
212697.96316641825
212858.59246779955
213018.86114256235
213178.76903022535
213338.3159735459
213497.50179445604
213656.32634232554
213814.78943952278
213972.89093779807
214130.63065775135
214288.00845994463
214445.0241745935
214601.67763431487
214757.96868159098
214913.89715468534
215069.4629169954
215224.66578623967
215379.50561613194
215533.98225215462
215688.09552799992
215841.84530206735
215995.23140588985
216148.25370349432
216300.91202087817
216453.20622417156
216605.13614472235
216756.70164307696
216907.9025601542
217058.73875081248
217209.21007269144
217359.31635669142
217509.0574771735
217658.433278005
217807.4435984234
217956.08831415023
218104.36725137255
218252.28029130248
218399.8272845972
218547.0080733368
218693.8225254129
218840.27049595723
218986.35183970456
219132.06641018915
219277.41407893796
219422.3946942723
219567.00811476598
219711.25420966744
219855.13283533184
219998.64385918528
220141.78712590784
220284.56252580904
220426.96989209077
220569.00910574093
220710.68003020715
220851.98252749222
220992.91646733764
221133.4817024871
221273.6781189728
221413.5055645716
221552.96392654302
221692.05305217882
221830.772828375
221969.12311942107
222107.10378420027
222244.71470087534
222381.9557481046
222518.8267844644
222655.32768971613
222791.45833393943
222927.21859099413
223062.60833207087
223197.62743207603
223332.2757715294
223466.553214174
223600.45964618947
223733.99493707623
223867.1589711277
223999.9516160488
224132.37275529373
224264.42226605362
224396.1000272875
224527.4059170147
224658.33981724677
224788.9016041481
224919.09116917884
225048.90838032786
225178.35312474356
225307.4252899147
225436.1247485627
225564.45139637834
225692.40510317043
225819.98576632934
225947.1932603405
226074.02747688792
226200.4883000413
226326.57561718975
226452.28931527946
226577.62927660614
226702.59539389017
226827.1875574101
226951.40565424156
227075.24956834537
227198.71919471526
227321.81442087388
227444.53514206305
227566.88124563114
227688.85262445523
227810.4491666424
227931.670772054
228052.51732899493
228172.9887375473
228293.08488378557
228412.80566401395
228532.15097578336
228651.12070980144
228769.71476353763
228887.93304104113
229005.7754303139
229123.24182978086
229240.332138818
229357.04626160755
229473.38408428093
229589.345518759
229704.93045484007
229820.1387970714
229934.970442969
230049.42529702396
230163.50325693272
230277.20423459215
230390.52812033705
230503.4748171597
230616.04423576035
230728.23627883208
230840.05084124964
230951.48783837107
231062.5471731308
231173.2287441775
231283.53246092342
231393.45823794988
231503.005966614
231612.17556631705
231720.96694224246
231829.3799939145
231937.41464023816
232045.07078693423
232152.34834012878
232259.2472144242
232365.76731477107
232471.9085609013
232577.6708520056
232683.05410344177
232788.05823079776
232892.68314282026
232996.92875254748
233100.7949764633
233204.28172257997
233307.38891042105
233410.116450298
233512.4642584141
233614.43225002848
233716.02033844648
233817.2284427795
233918.05647832027
234018.50436219166
234118.57201160653
234218.2593427539
234317.56627483224
234416.49272693845
234515.0386152385
234613.20386110886
234710.98838619003
234808.3921043292
234905.41494500416
235002.05682064395
235098.31765504333
235194.1973716946
235289.6958901987
235384.81313442055
235479.54902782035
235573.9034897848
235409.99457890284
235528.70925201708
235638.00156986376
235777.2705294434
235900.9122060208
235890.78036168183
236077.1729325957
236216.38429205655
236297.05166483996
236496.4529282828
236586.60671829968
236676.37818586442
236682.55823420046
236672.2591699449
236744.40332397283
236880.06056880543
236989.14332311729
237062.10377428134
237139.55905602872
237237.4853030861
237319.84787979966
237393.08486790746
237488.22235400637
237585.45972084685
237673.67161006748
237754.901286833
237836.74636751867
237813.01538962848
237807.91530242853
238120.62012809352
238278.11776842142
238374.15759766463
238426.28213531582
238554.48207508924
238635.44110995217
238716.01620358706
238796.2072938364
238876.01431535522
238955.4372082844
239034.47590999957
239113.13035901706
239191.40049395326
239269.28625474998
239346.78757901106
239423.90440886957
239500.63668212004
239576.98434190534
239652.94732711604
239709.7649521723
239784.2289711918
239878.52765435283
239965.31788566743
240026.99010213325
240100.6438226871
240173.91246531822
240246.79597389244
240319.29429238953
240391.4073654724
240463.13513695274
240534.47755246167
240605.43455690728
240676.00609660195
240746.19211772876
240815.99256592372
240885.4073883925
240954.4365326775
241023.0799448234
241091.3375734326
241159.20936694357
241226.695271743
241293.79523958953
241360.50921888766
241426.83715630823
241492.7790055573
241558.33471389883
241623.50423241965
241688.28751085815
241752.6845028454
241816.69515741046
241880.3194271879
241943.55726320075
242006.40861987753
242068.87344890286
242130.95170275308
242192.6433349047
242253.9482992416
242314.86654972646
242375.3980410304
242435.54272733792
242495.3005632927
242554.67150517995
242613.65550640423
242672.25252583926
242730.46251711226
242788.28543760732
242845.72124641598
242902.76989837468
242959.43135044025
243015.7055620266
243071.59248942987
243127.0920940066
243182.20433060452
243236.9291624371
243291.26654519374
243345.21644212503
243398.77881169424
243451.9536104306
243504.7408064037
243557.1403530991
243609.15221761947
243660.77635674237
243712.01273823925
243762.86131911958
243813.3220617636
243861.43000156665
243904.42593539914
243948.2469558547
243990.1523910003
244033.79093522904
244072.95034183457
244113.6485290652
244154.9402550332
244195.6088579757
244238.0614463134
244280.1996033294
244322.02330487932
244363.53252730425
244404.72724299913
244445.60743011674
244486.17306325107
244526.42411792185
244566.36057184485
244605.98239973898
244645.28957947134
244684.28208714374
244722.95990038442
244761.32299534127
244799.3713493495
244837.1049405767
244874.52374660224
244911.6277447081
244948.41691416723
244984.89123277238
245021.05067867006
245056.89523082797
245092.4248682144
245127.6395696723
245162.53931480402
245197.12408304308
245231.39385419665
245265.34860785923
245298.98832410225
245332.31298350042
245365.32256605092
245398.01705287176
245430.39642446104
245462.46066184156
245494.20974577707
245525.64365862298
245556.76238187193
245587.56589687022
245618.05418552912
245648.22723034315
245678.08501367213
245707.6275178342
245736.85472566995
245765.76661993924
245794.36318410374
245822.64440119616
245850.61025494477
245878.26072885038
245905.5958068705
245932.61547322816
245959.31971185713
245985.70850747242
246011.7818446206
246037.53970803984
246062.9820828184
246088.10895407712
246112.92030731437
246137.41612812574
246161.59640215314
246185.4611154833
246209.01025407796
246232.24380440533
246255.16175291617
246277.76408626954
246300.0507915849
246322.02185564314
246343.67726594943
246365.01700953837
246386.04107437283
246406.74944819533
246427.14211916097
246447.21907519142
246466.98030466295
246486.4257966089
246505.55553917284
246524.36952122475
246542.86773253523
246561.05016164063
246578.91679886065
246596.46763311944
246613.70265466033
246630.62185345613
246647.2252196127
246663.51274394814
246679.4844166895
246695.14022851642
246710.48017057776
246725.50423404796
246740.21241016348
246754.60469030857
246768.68106631434
246782.44153022417
246795.88607408316
246809.01468988322
246821.82737015677
246834.3241075545
246846.50489451585
246858.3697245795
246843.96986500954
246771.58799260168
246778.6957408978
246829.7396763228
246795.26471888518
246719.5427733746
246609.9623136788
246642.21782584419
246726.0504954625
246760.65227603854
246751.95084114512
246786.48199782614
246761.213302069
246854.5354820873
246877.14342184365
246915.97684974968
246899.41683892335
246864.5818210421
246848.01273724553
246824.20573268726
246714.1113056785
246631.94369858957
246753.27777924598
246819.00944310322
246842.2638829474
246844.64893666026
246921.2160835372
246917.16103020753
246913.6401672233
246901.356537999
246865.3706456035
246813.2121215919
246781.29688983562
246750.2231508023
246757.08936942904
246758.09767308435
246812.57814275404
246849.93925726425
246881.20446396607
246896.36361848633
246870.05083293666
246876.24747340812
246869.7010802552
246840.7185327853
246816.87993986905
246828.58322944876
246802.16852262674
246880.8315472221
246891.60983718955
246802.54456603026
246770.6450987152
246790.13851953682
246821.37976745237
246780.8569638686
246773.08466319577
246792.00350408303
246794.15951419668
246773.2141169866
246784.78548936802
246819.5221313967
246823.45777782798
246816.63857458765
246798.70650176983
246803.42408528947
246799.79055165825
246782.2288617069
246763.63239729824
246737.90751312906
246775.11716794467
246787.298076023
246746.76893023564
246692.40928229946
246854.00911433029
246936.3789357643
246923.85224264045
246930.84968441282
246924.85249869805
246917.60226590664
246880.82736528758
246815.0222350614
246869.2622705046
246894.24517782568
246888.0827544995
246881.88231775863
246875.64387734781
246869.3674424606
246863.05302184878
246856.70062469854
246850.31026011158
246843.88193677622
246837.41566466086
246830.66053311317
246824.11693237326
246817.28151817515
246810.4052212173
246803.48805144662
246796.78845393215
246789.79108497733
246783.275624207
246776.46241142158
246769.61134673387
246762.7224407068
246755.79570190317
246748.83113965567
246741.82876565715
246734.78858963097
246727.71062117757
246720.5948710926
246713.44134909497
246706.2500666104
246699.02103205037
246691.7542570132
246684.44975247607
246677.1075279856
246669.72759410995
246662.30996200698
246654.85464213463
246647.36164517992
246639.8309823895
246632.2626635728
246624.6567007068
246617.01310404146
246609.33188519254
246601.6130540563
246593.8566233752
246586.0626031725
246578.23100508587
246570.36184041912
246562.45512052078
246554.51085646288
246546.52906099462
246538.50974374288
246530.45291782112
246522.35859321675
246514.22678292962
246506.0574978427
246497.85075013852
246489.6065516877
246481.3249142121
246473.0058498428
246464.64937051293
246456.25548858428
246447.82421540038
246439.35556374572
246430.84954589047
246422.30617292714
246412.52789703012
246400.01227679604
246388.4411346016
246374.238641941
246357.35164037952
246347.88224860968
246337.7175378726
246326.84813705052
246315.26429800212
246302.95530869905
246289.91030967864
246276.11755772238
246261.56480180344
246246.23916146113
246230.1274682742
246213.21549313446
246195.48869911465
246176.93220596667
246157.52999324596
246137.28333415638
246116.15836404415
246094.13753085176
246071.20303198637
246047.33622658707
246022.5181459774
245996.72935215884
245969.94926630275
245942.15756921167
245913.33277505566
245883.4531985016
245852.4967198479
245820.44020023942
245787.26045728347
245752.93334443565
245717.43483351963
245680.73986841762
245642.82293665688
245603.65836117393
245563.21930120152
245521.47952240868
245478.41112733388
245433.98675035906
245388.17729951232
245340.95496161561
245293.20329286275
245244.9234612754
245196.11623302603
245146.78326607868
245096.92533680494
245046.54276976606
244941.46965131932
244639.60379253654
244706.25736014452
244509.57899968536
244322.78496297158
244192.86181682174
244097.76947020832
244092.64653904422
243993.39986619446
243755.0807746834
243670.1830683318
243520.56945788057
243263.9944593683
243028.68651072774
243145.6317199067
243055.0552151458
242388.4868860516
242560.7481933866
242483.7746271732
242770.07183564117
242856.7894877016
242919.29302910238
242696.2194971328
242530.33600310993
242599.01669268415
242852.48288788693
242954.5089448894
242926.73997480306
242874.47576707683
242871.01698120346
242924.41092604143
242896.5283742037
242820.555415908
242745.81171236292
242521.01370540156
242524.21342562768
242515.22398643394
242483.73427754978
242345.91040712502
242144.86708455987
241968.2795400126
242025.14325137006
242039.15088135935
241839.7548754738
241629.91524753545
241290.61161331204
241232.20592352608
241163.91592898674
241158.4972966126
241059.04259126214
241024.18967016635
241122.88537235162
241020.68330886157
240874.5453298383
240641.68631576584
240542.6540368615
240413.1193853463
240390.1282641251
240358.16431012482
240238.70925873634
239940.3672222558
239380.35149377596
239077.24262059818
238430.10435755318
237806.82679909188
237048.5275281421
236988.3090312375
236799.140508948
236461.21044066
235886.58239341562
235678.31177639216
235510.04023393756
235157.24390034983
234426.31744682544
234227.7500240527
233997.4340959203
233277.37664282578
233055.1417133595
232750.52130997507
232170.12940024724
231798.12954451062
231364.7001999959
229959.60770187993
229580.51105994557
229273.1064158735
228472.35267738672
228822.05645571824
228373.4998584867
227707.72726707428
227290.63931485184
227855.63651354378
227344.17317476985
226040.29061010713
226426.05724244087
226361.23415978265
225979.86555998307
225582.15071195143
225316.97177211638
224958.41381341545
224304.54541072366
223575.19056654035
222864.62449360674
223237.4736658918
223301.44316110585
222989.0842651173
222779.29015139572
222683.91321975098
222673.37466115376
222677.53798875585
222639.79416975926
222565.4178077645
222476.68288322247
222293.54751513875
222201.29854265205
222171.93047146476
222105.0884491331
222028.53589019016
221836.9383258085
221689.4265705453
221686.6028420187
221815.2748053997
221781.97409708926
221840.03909238102
221899.24998324213
221721.49333734403
221601.46659105457
221461.21616774332
221487.2967592578
221544.58219990577
221514.6207385658
221435.16769478528
221348.9456256202
221583.27170545526
221563.763940669
221356.15942853875
221326.24488019664
221250.9442468211
221440.64072874037
221419.70063460595
221225.3351322381
221157.39387049119
221102.1405085876
221048.23767449695
221049.35220450407
221137.5427747051
221141.2281301003
221160.1208608757
221162.83374461601
221129.59303591715
221117.80314503785
221162.05203078117
221183.53060601652
221139.74032207718
221105.77548034198
221093.58062749857
221050.71229445748
221037.73583343183
221030.6160070442
221053.18981901056
221091.1232946834
221050.36145802797
220981.3867233547
220920.57482064702
220785.30453709548
220676.47250188037
220716.17885808437
220683.35502608796
220660.43686100794
220543.00984469696
220474.39512607793
220379.70732696634
220209.2874310416
220198.2743104879
220296.41233152512
220234.48856654344
220437.32818670722
220541.0657056732
220600.82846965524
220577.67739865696
220549.1631538868
220521.48498789663
220516.07396824844
220509.20273870463
220469.39859630994
220430.77614214504
220383.00710335898
220327.56849817908
220288.68671505724
220223.57984085765
220198.46050061611
220156.85543712752
220107.76886044256
220065.53819045098
220014.20169167768
219959.24094876775
219928.35730897484
219901.24774751777
219906.3168459325
219904.53812569298
219892.93316979997
219886.07965461316
219813.63416748575
219773.08888246468
219749.65451512742
219703.9441416855
219681.43702834647
219688.68422020704
219640.48979467526
219607.20168937347
219576.39077313873
219539.29499324493
219514.8609079757
219491.15352276654
219456.2133271636
219441.40833007765
219426.34921025345
219377.70263109333
219332.05020582012
219323.52122605336
219261.92916080297
219233.33648849325
219203.91129702318
219145.7486189166
219105.59615406278
219084.60595507082
219010.4885919342
218969.97157251672
218938.89981303422
218911.68876307202
218856.40698782366
218802.54790607712
218805.06987984153
218779.19244627107
218775.53844092065
218768.34711192118
218710.87253023393
218675.57582861988
218610.32739850704
218586.25600716262
218575.06874706096
218570.90906507638
218566.29136130202
218577.14245886495
218597.47683479998
218588.96382887836
218573.45468379813
218535.02631233737
218512.13747504563
218467.74268901278
218455.59642580838
218415.10858911963
218388.97503516497
218321.56212542113
218289.72633844137
218250.8369524451
218185.93398664054
218124.18348673137
218126.9357836115
218093.0401200886
218066.54889960657
218029.8781449988
218016.73947506072
217992.20982435823
217946.9769169729
217886.75987617124
217836.96201791882
217787.21326471947
217769.37266312342
217767.05513726338
217726.8564516477
217697.61940204876
217657.90671781683
217577.7906048561
217573.19679089135
217530.70075428777
217514.03913293278
217484.5132336174
217440.0981225022
217434.40883073
217450.85624958272
217446.44427186425
217473.1884108436
217501.04287717224
217488.6397273203
217482.76281302434
217433.6402945657
217341.5333500282
217220.49693648808
217156.4995320791
217206.83842335944
217275.69360771438
217297.28966544045
217334.83872162655
217247.34267349285
217205.3471690711
217191.16942411847
217176.14161451464
217173.02982684807
217185.67570265976
217179.08135214623
217125.30362448737
217048.61157579802
217003.75211044378
216988.92416645016
216972.49667937332
216929.32517785393
216959.06285512773
216962.7870601099
216949.78995557898
216919.56754957163
216904.93105192285
216919.3066982777
216905.28672284586
216951.87752598338
216960.04728685622
216992.22328928998
217014.85854772106
217030.41260533454
217045.91861738788
217029.32045521727
217015.5166522934
217019.66247257905
217011.9351202366
217057.8562196137
217119.8100540866
217123.13403077994
217169.144084148
217212.93075164978
217252.83530125453
217325.88538244332
217363.27789187606
217372.03857257986
217370.5211446057
217377.7685762042
217408.5010698121
217434.28830562637
217485.8293399118
217540.15133324394
217664.28822058789
217761.3809913037
217829.07080171572
217922.09237725183
217986.03795352974
218083.25703905663
218170.80524529412
218281.67678208346
218385.80067897984
218398.85409633478
218438.31498526852
218514.651392002
218570.8788159357
218655.89044270176
218766.20144830958
218815.14646016492
218854.5368422279
218917.33455639216
219045.41696996347
219110.8663255626
219201.58518885763
219195.7458247312
219266.5962220101
219350.2340679241
219424.05491845333
219532.02152782702
219608.5553683918
219705.87828108505
219784.82751852646
219878.30276303214
219981.08825432172
220104.78747605742
220196.63129912526
220279.12429741165
220359.22969611408
220455.13073521608
220536.91917507956
220667.17146817117
220757.91198754346
220886.29070067336
221008.4013555221
221162.24536216643
221306.42108077672
221471.03534270742
221584.78733357578
221744.375281665
221859.868579161
221980.95839766972
222125.93034290697
222254.7536539517
222334.20406874444
222430.75287991017
222580.04085244716
222778.22654600465
223000.62030480336
223148.20256638108
223275.88219131518
223432.95240498916
223580.5029511758
223720.5139231095
223811.95248011604
223945.82648578368
224108.9660006743
224299.682470088
224441.9502772895
224611.60781342443
224766.2583293399
224956.68549385143
225119.58662908722
225263.74948442087
225486.81657686387
225770.27490768523
225970.9956777027
226188.39891578013
226420.78200461052
226622.01724872866
226813.8162487751
226956.62889011344
227135.45482021687
227343.61231801275
227543.21913983393
227789.14704397845
228039.94733268884
228261.85171773413
228466.50184782653
228644.1101460905
228880.3490033258
229098.7516021825
229300.52094625705
229495.40127440472
229663.16773479106
229864.3685955064
230094.0936772324
230267.8787300284
230475.12015356333
230719.45600834128
230933.2510687199
231157.9147601223
231371.13112020236
231603.92040491092
231882.07344596018
232165.91971275513
232421.9544538674
232693.60937403445
232945.00625179242
233230.8554229252
233476.98900778173
233755.428537954
233991.74093539373
234263.62797844014
234530.8915974158
234830.32300244714
235124.80318726238
235387.1786064544
235632.9128758721
235902.07440674654
236107.3006918131
236402.00503477931
236609.6272026433
236948.65999696765
237227.59610318555
237482.4418862107
237765.17206783127
238057.18661761272
238304.15294298646
238562.27001998003
238850.45671226003
239193.30630419485
239526.1159901329
239762.61562007107
240073.21567565447
240444.8905101017
240853.4356459605
241161.99385960656
241437.8228107955
241751.0540882022
241967.63347884826
242135.33233639866
242371.49195917754
242752.96403033775
243008.35880816076
243294.01291195594
243642.77304595662
243969.1484794258
244307.6558886629
244666.5050851471
245002.92379519308
245304.00111465133
245618.4029009611
245935.75155740918
246183.691130721
246515.87391007494
246819.60302327515
247136.60088322533
247481.57790707774
247860.35017911566
248134.05020434293
248369.3120615495
248770.8564452416
249331.4692008308
249665.86371276446
250001.85779546387
250339.44888332067
250678.6343499244
251019.4115687773
251361.77798079152
251705.73092249862
252051.26775325777
252398.38587839622
252747.08266316936
253097.3553892693
253449.20149247197
253802.6181740989
254157.6029199852
254514.1529595874
254872.26561286463
255231.9382038929
255593.16799403063
255955.95235941408
256320.28850543755
256680.94530881953
256912.84250193345
257292.89653560973
257726.81188678718
258133.4566847165
258458.95586461655
258813.78432754136
259290.51597111323
259668.69546563295
260047.06969293812
260388.45443808218
260618.30183529924
261065.85511236358
261455.03059784987
261850.49169788777
262207.1581031482
262480.87145037286
263084.15771523316
263533.87091451953
263928.66487062466
264324.9523759396
264722.73054349574
265121.99663138867
265522.7476624575
265924.98093202175
266328.69347706775
266733.882475244
267140.5451163051
267548.67843745905
267958.2796468915
268369.3458466395
268781.8741947188
269195.8617426407
269611.30564107373
270028.20299181505
270446.55086866545
270866.3464605096
271287.58684614825
271710.2690678474
272134.39022959885
272559.9474146147
272986.93777707196
273415.35832374985
273845.2061652489
274276.478354431
274709.1720165374
275143.2841795704
275578.8119315669
276015.75227225875
276454.10236627515
276893.8591475504
277335.0197819731
277777.58129579213
278221.54071779177
278666.8951242714
279113.6414791221
279561.77694690984
280011.29850512126
280462.2031821585
280914.48801433505
281368.1500447595
281823.18631929485
282279.5938676089
282737.3697148904
283196.5108099937
283657.01431137475
284118.87719111855
284582.0964112722
285046.669059595
285512.59210357885
285979.8626192749
286448.47760491236
286918.43404483795
287389.728950461
287862.35934894916
288336.322254876
288811.614664176
289288.2336135908
289766.1760570443
290245.4390431043
290726.01957003365
291207.9146059586
291691.1212256249
292175.6363961254
292661.4571017361
293148.580318991
293637.00311731163
294126.72249134094
294617.7353620586
295110.03879288817
295603.62982444745
296098.50532142364
296594.66241960006
297092.0980456518
297590.8091698999
298090.79289146373
298592.04615040123
299056.33444333554
299396.70242936106
299932.9791380365
300453.4350851849
300909.26564367674
301429.31852790434
301943.4989369465
302383.2008448504
302847.0126395946
303330.72752794984
303837.7813708269
304505.0615012995
304988.82630469627
305438.3223445384
306081.7060928672
306451.1575882104
307129.99035068415
307627.1888823011
308011.13163086656
308509.1468821638
309052.6964988392
309646.2486665145
310240.1730738665
310746.6819604833
311285.82744351483
311802.70870802354
312419.7534854661
313048.20673644706
313582.7583215025
314159.85206402023
314702.9349826743
315284.5236009833
315491.5903099001
316366.33348889835
316912.4255323671
317457.38732556184
318003.5079929249
318550.7846699924
319099.2144059653
319648.7941258204
320199.5209790545
320751.3919679144
321304.404126605
322043.5237919147
322413.84020849166
322970.2582317302
323527.8056222708
324086.4794847452
324646.27681167016
325207.1947003773
325769.2302730081
326332.380488624
326896.64242378215
327462.01323584013
328028.48990247457
328596.0695898206
329164.74928466044
329734.5261512812
330305.3972526684
330877.3596134031
331450.4103079395
332024.5465752552
332599.7653236411
333176.06381543283
333753.4390520629
334331.888171004
334911.408239682
335491.9964200576
336073.6497777564
336656.36543204146
337240.14048777276
337824.9721445228
338410.85745113005
338997.7935378259
339585.7775339226
340174.8066238547
340764.8778811097
341355.98847625405
341948.1355641886
342541.31626037345
343135.5277332368
343730.76708373416
344327.03155058995
344924.3182480502
345522.62438755354
346121.9470427148
346722.2833976225
347323.63071959186
347925.9861123058
348529.34676086286
349133.70988055714
349739.0726018426
350345.43218143145
350952.78577065805
351561.13056966744
352170.4638398787
352780.7826891894
353392.08443643886
354004.36617860815
354617.62523654883
355231.8587368652
355847.0640024756
356463.23817752337
357080.3785750028
357698.482385169
358317.5468638295
358937.5692073987
359558.5467341611
360180.4766795564
360803.356228268
361427.1827351089
362051.9534960155
362677.6656484951
363304.3165477285
363931.9034870686
364560.4236771342
365189.8744995557
365820.25315192004
366451.55699126667
367083.7832803335
367716.92936870654
368350.9925345911
368985.97003527824
369621.859277477
370258.65754548286
370896.3621652686
371534.97046539304
372174.4797931614
372814.8874360663
373456.1907977208
374098.38719892316
374741.4739628455
375385.4485290245
376030.30819704046
376676.0503326986
377322.67227988073
377970.1714844848
378618.5452454883
379267.79103587277
379917.9061777437
380568.88808173407
381220.7340934841
381873.4417257622
382527.0082907764
383181.43125753535
383836.70796495094
384711.7339738369
385368.99290532817
385807.6352124631
386466.30134959414
387125.80849511793
387786.1539565895
388447.33529361465
389109.34993518307
389772.1952833779
390435.86881238804
391100.36807520466
391765.6904362567
392431.8334752673
393098.79460151447
393766.5712859933
394435.1611089448
395104.5615094126
395774.76993006724
396445.78398115817
397117.6011896635
397790.21894164453
398463.6348678591
399137.84645825764
399812.85126467
400488.6467939697
401165.2305566103
401842.6001844057
402520.7531955
403199.68706418027
403879.3994815451
404559.8879497072
405241.1499837816
405923.1832777052
406605.9853454926
407289.5537051002
407973.8861120661
408658.9800428527
409344.83309741504
410031.4428975129
410718.8071013808
411406.92329797253
412095.78906606755
412785.40203526174
413475.75991865085
414166.86027866625
414858.70076600974
415551.2790519716
416244.59275799163
416938.63954326336
417633.41708806343
418328.9230603933
419025.1551409451
419722.1109265018
420419.7881915042
421118.18461677025
421817.2978174165
422517.12552552775
423217.66550458863
423918.91539941716
424620.8729259315
425323.5357494196
426026.90174249746
426730.9685009669
427435.73380846693
428141.19535850466
428847.3509518793
429554.1983131174
430261.7351561646
430969.95932560717
431678.86850075517
432388.46052060975
433098.7330959701
433809.6840163338
434521.31106844347
435233.612103301
435946.58480638743
436660.22706024686
437374.536634448
438089.51132501254
438805.1489552072
439521.44743516145
440238.4044354168
440956.0178899821
441674.2855910113
442393.20537929074
443112.775084386
443832.99260499293
444553.8557576644
445275.3624784647
445997.51050019707
446720.29778236756
447443.722190124
448167.781593721
448892.47386852466
449859.7110928304
451070.32696960494
451555.0595465179
452282.67748612585
453010.9164067963
453739.7742375282
454469.2488998808
455199.33833926613
455930.04048746475
456661.3532815054
457393.27470569196
458125.8026713289
458858.9351010157
459592.6699823409
460327.0052481808
461061.9389803433
461797.4690022571
462533.59340611217
463270.31016377336
464007.61726388196
464745.5125987497
465483.99433578737
466223.0603422483
466962.70868740184
467702.9374288658
468443.74448505766
469185.1279787221
469927.0858442008
470669.61620944063
471412.7171145992
472156.3865320587
472900.6225424232
473645.4232296904
474390.7866088869
475136.7107602898
475883.1937942612
476630.23371073324
477377.8286813898
478125.976732085
478874.6759242078
479623.92445491
480373.7203612372
481124.06170032755
481874.94667054014
482626.3733299
483378.33986704797
484130.84431564226
484883.884870162
485637.4595958127
486391.5667372977
487146.20434041345
487901.3705908293
488657.0637005891
489413.2817105276
490170.0228993695
490927.2853488177
491685.0672967513
492443.3668740755
493202.1822777195
493961.5117486969
494721.35342111345
495481.70545616234
496242.5661112254
497003.9336312448
497765.80615921924
498528.18197272974
499291.05922565283
500054.43620629236
500818.3111095694
501582.68217388703
502347.5475971536
503112.90575340716
503878.75473030657
504645.09296545875
505411.91856486443
506179.2298445017
506947.02504595695
507715.3025602652
508484.06051113666
509253.2972665471
510023.011119521
510793.2003473928
511563.8631966349
512334.9980498797
513106.6031875331
513878.676851474
514651.2174777705
515424.22329869145
516197.69272407354
516971.6239632219
517746.0154431106
518520.8654621204
519296.17237313814
520071.9345825347
520848.15034428006
521624.81808466255
522661.07524854457
523438.7911663118
523957.5165974691
524735.9757930795
525514.8788513578
526294.2240447728
527074.0098498478
527854.2346352227
528634.8967720468
529415.9946949326
530197.5268186685
530979.4915276305
531761.8872977393
532544.7124404553
533327.9654448051
534111.6448076668
534895.7488462629
535680.2760048476
536465.2248312451
537250.5936515147
538036.3809912121
538822.5853460468
539609.2050626045
540396.2386754379
541183.6846677812
541971.5414607781
542759.8075155052
543548.4814179479
544337.5615461748
545127.046494673
545916.9346196114
546707.2245926394
547497.9147746335
548289.0036952598
549080.4899410475
549872.3719873677
550664.648343374
551457.3174895323
552250.3780689868
553043.8285117082
553837.6674405809
554631.8933553218
555426.5047640875
556221.500273085
557016.8783686797
557812.6376948629
558608.7768121429
559405.2941877162
560202.188515631
560999.458245619
561797.1020765512
562595.1185307854
563393.5062272006
564192.2636970642
564991.3895377589
565790.8824432711
566590.7409307498
567390.9637011555
568191.5492228479
568992.4962384992
569793.8032843866
570595.4690533665
571397.4920899821
572199.8710981468
573002.604756173
573805.6915618905
574609.1302944066
575412.9194930152
576217.0578864748
577021.544146023
577826.3768240272
578631.554726386
579437.0764160699
580242.9405838104
581317.9565824366
582124.6147704872
583200.6847050926
584277.3526136407
585085.2440737372
585624.0235875286
586432.4698391224
587241.2472065871
588050.354427855
588859.7902464939
589669.5533187392
590479.6424280514
591290.0562103773
592100.7935195905
592911.8529402772
593723.2333362522
594534.9333931452
595346.9518319417
596159.2874395063
596971.9389160054
597784.9050885069
598598.1846971526
599411.776456875
600225.6791781907
601039.8915859393
601854.4125308937
602669.2406856443
603484.3749116533
604299.8140127878
605115.5566766472
605931.6017172935
606747.9480445569
607564.594330274
608381.539402673
609198.782095206
610016.3212143469
610834.1555736016
611652.2839582469
612470.7052211135
613289.4181587938
614108.4216016415
614927.7144463118
615747.2954423339
616567.1634668107
617387.3173990152
618207.7559414154
619028.4781366675
619849.4826659888
620670.768490715
621492.3344528149
622314.1793713442
623136.3021115595
623958.7015942833
624781.3766948755
625604.3262355595
626427.5491018435
627251.0442141572
628074.8104578673
628898.8466977985
629723.1517954268
630547.7247057129
631372.5643284474
632197.669505591
633023.0392083109
633848.6723470418
634674.567766205
635500.7244155479
636327.1412384096
637153.8171490396
637980.7510434976
638807.9418874737
639635.3885963503
640463.0900899682
641291.0453687801
642119.2533005371
642947.712862262
643776.4230065688
644605.3826788496
645434.590838728
646264.0464366847
647093.7484427297
648200.3992993918
648753.8875426867
649584.3225564745
650414.9998596963
651245.9184346651
652077.0772315289
652908.4752676056
653740.1115057131
654571.9849391419
655404.0945696731
656236.439385962
657069.0183983138
657901.8305908742
658734.8749778788
659568.1505740092
660401.6563867151
661235.391429812
662069.3547107996
662903.5452718765
663737.9621064665
664572.6042749877
665407.4707894088
666242.5606628894
667077.872960968
667913.4067204394
668749.1609617856
669585.134735232
670421.3271024809
671257.7371167261
672094.3638048412
672931.2062281575
673768.2634548359
674605.5345723585
675443.0186058509
676280.7146356488
677118.6217490581
677956.7389832053
678795.065433474
679633.6001934144
680472.342336114
681311.2909326965
682150.445079453
682989.8038767353
683829.3664044212
684669.1317617907
685509.0990548651
686349.267369474
687189.6358225592
688030.2035229816
688870.9695900818
689711.9331156865
690553.0932051849
691394.4490234063
692235.9996466564
693077.74422236
693919.6818597128
694761.8117173295
695604.1328901327
696446.6445292269
697289.3457895895
698132.235784591
698975.3136769175
699818.5785955593
700662.0296876519
701505.6661236573
702349.4870547813
703193.4916098241
704037.6789701045
704882.0482907894
705726.5987306607
706571.3294522101
707416.2396558255
708261.3284962801
709106.595128435
709952.0387524876
710797.658538149
711643.4536627049
712489.4233071362
713335.5666752441
714181.8829513825
715028.3713275166
715875.0309923016
716721.861156109
717568.8609915883
718416.0297286655
719263.3665582268
720110.8706872633
720958.5413440093
721806.3777167364
722654.3790257026
723502.5444880794
724350.8733289572
725199.3647727252
726048.0180234436
726896.832330094
727745.8069251622
728594.9410240196
729444.2338705123
730293.6846950087
731143.2927253232
731993.0572381848
732842.9774352538
733693.0525805077
734543.2819460505
735393.6647425832
736244.200239931
737094.8877008988
737945.7263813892
738796.715531324
739647.8544087256
740499.1422996954
741350.5784492921
742202.1621408414
743053.8926557074
743905.7692241741
744757.7911841245
745609.9577725679
746462.2682644795
747314.7219683309
748167.3181708702
749020.0561321243
749872.9351705585
750725.9545579525
751579.1135942852
752432.4115679702
753285.8478008909
754139.4215778499
754993.1322122738
755846.9789804025
756700.961222487
757555.0782318115
758409.3293341515
759263.7138194779
760118.2310111946
760972.8802703836
761827.6608507342
762682.5721153717
763537.6133856783
764392.7839699539
765247.1782877992
766082.7637043942
766892.7772516145
767677.2075240479
768436.0435862499
769169.2749298238
770107.069741372
770999.3741122277
771846.3060223344
772647.6363099231
773403.3460891936
774283.8025958964
775092.9175332966
775831.7775976667
776688.7325791318
777545.8068026821
778402.9996387006
779396.5644735775
780179.1474309315
780758.9321944898
781502.2062837223
782245.5672644845
782989.0147270185
783732.5482641172
784476.167469349
785219.8719370102
785992.270232049
786707.5350410503
787451.4928727983
788195.5343559845
788939.659089311
789683.8666757231
790485.4131992129
791201.1601425346
791945.6170350411
792690.1551791497
793434.7741823522
794179.4736513
794924.253196171
795669.1124245413
796414.0509506075
797159.0683830716
797904.1643359901
798678.0005202326
799394.5902606386
800139.9194636501
800885.3256499411
801630.8084380357
802376.367446529
803122.0022961057
803867.712605932
804613.4980022388
805359.3581068716
806105.2925443139
806879.9950427774
807626.0798451684
808372.2378462548
809118.4686732863
809836.0666503233
810582.4392554881
811328.8835945197
812075.3992983331
812821.9860021209
813568.6433403622
814315.3709476939
815119.6173092367
815837.7625591606
816584.7014531577
817331.7091555626
818078.7853088744
818825.9295523686
819573.1415294062
820395.464098833
821325.3146582642
822355.6391767228
824613.6665326199
827614.1936861563
832332.9741334722
838984.984027463
852191.3735488034
870097.313328567
901312.1408734357
930246.8560479512
963885.5891302023
1002262.5307187831